0.0, 0.0, 0.0, 0.0, 0.0, 0.0, 0.0, 0.0, 0.0, 0.0, 0.0, 0.0, 0.0, 0.0, 0.0, 0.0, 0.0, 0.0, 0.0, 0.0, 0.0, 0.0, 0.0, 0.0, 0.0, 0.0, 0.0, 0.0, 0.0, 0.0, 0.0, 0.0, 0.0, 0.0, 0.0, 0.0, 0.0, 0.0, 0.0, 0.0, 0.0, 0.0, 0.0, 0.0, 0.0, 0.0, 0.0, 0.0, 0.0, 0.0, 0.0, 0.0, 0.0, 0.0, 0.0, 0.0, 0.0, 0.0, 0.0, 0.0
0.0, 0.0, 0.0, 0.0, 0.0, 0.0, 0.0, 0.0, 0.0, 0.0, 0.06065895677582347, 0.0, 0.0, 0.0, 0.0, 0.0, 0.0, 0.0, 0.0, 0.0, 0.0, 0.0, 0.0, 0.0, 0.0, 0.0, 0.0, 0.0, 0.0, 0.0, 0.0, 0.0, 0.0, 0.0, 0.0, 0.0, 0.0, 0.0, 0.0, 0.0, 0.0, 0.0, 0.0, 0.0, 0.0, 0.0, 0.0, 0.0, 0.0, 0.0, 0.0, 0.0, 0.0, 0.0, 0.0, 0.0, 0.0, 0.0, 0.0, 0.0
0.0, 0.0, 0.0, 0.0, 0.0, 0.0, 0.0, 0.0, 0.0, 0.0, 0.1176917685238601, 0.0, 0.0, 0.0, 0.0, 0.0, 0.0, 0.0, 0.0, 0.0, 0.0, 0.0, 0.0, 0.0, 0.0, 0.0, 0.0, 0.0, 0.0, 0.0, 0.0, 0.0, 0.0, 0.0, 0.0, 0.0, 0.0, 0.0, 0.0, 0.0, 0.0, 0.0, 0.0, 0.0, 0.0, 0.0, 0.0, 0.0, 0.0, 0.0, 0.0, 0.0, 0.0, 0.0, 0.0, 0.0, 0.0, 0.0, 0.0, 0.0
0.0, 0.0, 0.0, 0.0, 0.0, 0.0, 0.0, 0.0, 0.0, 0.0, 0.17161287538067863, 0.0, 0.0, 0.0, 0.0, 0.0, 0.0, 0.0, 0.0, 0.0, 0.0, 0.0, 0.0, 0.0, 0.0, 0.0, 0.0, 0.0, 0.0, 0.0, 0.0, 0.0, 0.0, 0.0, 0.0, 0.0, 0.0, 0.0, 0.0, 0.0, 0.0, 0.0, 0.0, 0.0, 0.0, 0.0, 0.0, 0.0, 0.0, 0.0, 0.0, 0.0, 0.0, 0.0, 0.0, 0.0, 0.0, 0.0, 0.0, 0.0
0.0, 0.0, 0.0, 0.0, 0.0, 0.0, 0.0, 0.0, 0.0, 0.0, 0.22034811893000913, 0.0, 0.0, 0.0, 0.0, 0.0, 0.0, 0.0, 0.0, 0.0, 0.0, 0.0, 0.0, 0.0, 0.0, 0.0, 0.0, 0.0, 0.0, 0.0, 0.0, 0.0, 0.0, 0.0, 0.0, 0.0, 0.0, 0.0, 0.0, 0.0, 0.0, 0.0, 0.0, 0.0, 0.0, 0.0, 0.0, 0.0, 0.012100270037970191, 0.0, 0.0, 0.0, 0.0, 0.0, 0.0, 0.0, 0.0, 0.0, 0.0, 0.0
0.0, 0.0, 0.0, 0.0, 0.0, 0.0, 0.0, 0.0, 0.0, 0.0, 0.26143362085755517, 0.0, 0.0, 0.0, 0.0, 0.0, 0.0, 0.0, 0.0, 0.0, 0.0, 0.0, 0.0, 0.0, 0.0, 0.0, 0.0, 0.0, 0.0, 0.0, 0.0, 0.0, 0.0, 0.0, 0.0, 0.0, 0.0, 0.0, 0.0, 0.0, 0.0, 0.0, 0.0, 0.0, 0.0, 0.0, 0.0, 0.0, 0.05035324422726533, 0.0, 0.0, 0.0, 0.0, 0.0, 0.0, 0.0, 0.0, 0.0, 0.0, 0.0
0.0, 0.0, 0.0, 0.0, 0.0, 0.0, 0.0, 0.0, 0.0, 0.0, 0.2999473697969748, 0.0, 0.0, 0.0, 0.0, 0.0, 0.0, 0.0, 0.0, 0.0, 0.0, 0.0, 0.0, 0.0, 0.0, 0.0, 0.0, 0.0, 0.0, 0.0, 0.0, 0.0, 0.0, 0.0, 0.0, 0.0, 0.0, 0.0, 0.0, 0.0, 0.0, 0.0, 0.0, 0.0, 0.00680458083430866, 0.0, 0.0, 0.0, 0.08258099024228646, 0.0, 0.0, 0.0, 0.0, 0.0, 0.0, 0.0, 0.0, 0.0, 0.0, 0.0
0.0, 0.0, 0.0, 0.0, 0.0, 0.0, 0.0, 0.0, 0.0, 0.0, 0.33541748507311264, 0.0, 0.0, 0.0, 0.0, 0.0, 0.0, 0.0, 0.0, 0.0, 0.0, 0.0, 0.0, 0.0, 0.0, 0.0, 0.0, 0.0, 0.0, 0.0, 0.0, 0.0, 0.0, 0.0, 0.0, 0.0, 0.0, 0.0, 0.0, 0.0, 0.0, 0.0, 0.0, 0.0, 0.02722699518650718, 0.0, 0.0, 0.0, 0.10516114418397245, 0.0, 0.0, 0.0, 0.0, 0.0, 0.0, 0.0, 0.0, 0.0, 0.0, 0.0
0.0, 0.0, 0.0, 0.0, 0.0, 0.0, 0.0, 0.0, 0.0, 0.0, 0.35288257721859795, 0.013941394362753686, 0.0, 0.0, 0.0, 0.0, 0.0, 0.0, 0.0, 0.0, 0.0, 0.0, 0.0, 0.0, 0.0, 0.0, 0.0, 0.0, 0.0, 0.0, 0.0, 0.0, 0.0, 0.0, 0.0, -0.027700886860302358, 0.0, 0.0, 0.0, 0.0, 0.0, 0.0, 0.0, 0.0, 0.056946037989823825, 0.0, 0.0, 0.0, 0.12451782347307304, 0.0, 0.0, 0.0, 0.0, 0.0, 0.0, 0.0, 0.0, 0.0, 0.0, 0.0
0.0, 0.0, 0.0, 0.0, 0.0, 0.0, 0.0, 0.0, 0.0, 0.0, 0.3659793380653445, 0.02781947631555105, 0.0, 0.0, 0.0, 0.0, 0.0, 0.0, 0.0, 0.0, 0.0, 0.0, 0.0, 0.0, 0.0, 0.0, 0.0, 0.0, 0.0, 0.0, 0.0, 0.0, 0.0, 0.0, 0.0, -0.06824124062778503, 0.0, 0.0, 0.0, 0.0, 0.0, 0.0, 0.0, 0.0, 0.09066649588135738, 0.0, 0.0, 0.0, 0.14190442161988948, 0.0, 0.0, 0.0, 0.0, 0.0, 0.0, 0.0, 0.0, 0.0, 0.0, 0.0
0.0, 0.0, 0.0, 0.0, 0.0, 0.0, 0.0, 0.0, 0.0, 0.0, 0.37814858661234885, 0.04096123468726979, 0.0, 0.0, 0.0, 0.0, 0.0, 0.0, 0.0, 0.0, 0.0, 0.0, 0.0, 0.0, 0.0, 0.0, 0.0, 0.0, 0.0, 0.0, 0.0, 0.0, 0.0, 0.0, 0.0, -0.10658579606979687, 0.0, 0.0, 0.0, 0.0, 0.0, 0.0, 0.0, 0.0, 0.12102863056381659, 0.0, 0.0, 0.0, 0.15711745959552345, 0.0, 0.0, 0.009193481953109038, 0.0, 0.0, 0.0, 0.0, 0.0, 0.0, 0.0, 0.0
0.0, 0.0, 0.0, 0.0, 0.0, 0.0, 0.0, 0.0, 0.0, 0.0, 0.3896000603541195, 0.053294759335317195, 0.0, 0.0, 0.0, 0.0, 0.0, 0.0, 0.0, 0.0, 0.0, 0.0, 0.0, 0.0, 0.0, 0.0, 0.0, 0.0, 0.0, 0.0, 0.0, 0.0, 0.0, 0.0, 0.0, -0.14316007429233263, 0.0, 0.0, 0.0, 0.0, 0.0, 0.0, 0.0, 0.0, 0.14889093147403618, 0.0, 0.0, 0.0, 0.17037631587024687, 0.0, 0.0, 0.02647211781136134, 0.0, 0.0, 0.0, 0.0, 0.0, 0.0, 0.0, 0.0
0.0, 0.0, 0.0, 0.0, 0.0, 0.0, 0.0, 0.0, 0.0, 0.0, 0.400536718081983, 0.0654099239033772, 0.0, 0.0, 0.0, 0.0, 0.0, 0.0, 0.0, 0.0, 0.0, 0.0, 0.0, 0.0, 0.0, 0.0, 0.0, 0.0, 0.0, 0.0, 0.0, 0.0, 0.0, 0.0, 0.0, -0.17815782281431267, 0.0, 0.0, 0.0, 0.0, 0.0, 0.0, 0.0, 0.0, 0.17599638009172616, 0.0, 0.0, 0.0, 0.18319068436638333, 0.0, 0.0, 0.04333080294162802, 0.0, 0.0, 0.0, 0.0, 0.0, 0.0, 0.0, 0.0
0.0, 0.0, 0.0, 0.0, 0.0, 0.0, 0.0, 0.0, 0.0, 0.0, 0.402669727934761, 0.08036765381382867, 0.0, 0.0, 0.0, 0.0, 0.0, 0.0, 0.0, 0.0, 0.021714201468236462, 0.0, 0.0, 0.0, 0.0, 0.0, 0.0, 0.0, 0.0, 0.0, 0.0, 0.0, 0.0, 0.0, 0.0, -0.20686137005971858, 0.0, 0.0, 0.0, 0.0, 0.0, 0.0, 0.0, 0.0, 0.20342110502033428, 0.0, 0.0, 0.0, 0.19813198229935394, 0.0, 0.0, 0.060494616395977155, 0.0, 0.0, 0.0, 0.0, 0.0, 0.0, 0.0, 0.0
0.0, 0.0, 0.0, 0.0, 0.0, 0.0, 0.0, 0.0, 0.0, 0.0, 0.40404212757785934, 0.09526593484124606, 0.0, 0.0, 0.0, 0.0, 0.0, 0.0, 0.0, 0.0, 0.04401904778856584, 0.0, 0.0, 0.0, 0.0, 0.0, 0.0, 0.0, 0.0, 0.0, 0.0, 0.0, 0.0, 0.0, 0.0, -0.23458691224137326, 0.0, 0.0, 0.0, 0.0, 0.0, 0.0, 0.0, 0.0, 0.230879571351574, 0.0, 0.0, 0.0, 0.2127165281837905, 0.0, 0.0, 0.07727577978428843, 0.0, 0.0, 0.0, 0.0, 0.0, 0.0, 0.0, 0.0
0.0, 0.0, 0.0, 0.012930864024658014, 0.0, 0.0, 0.0, 0.0, 0.0, 0.0, 0.4023660557405177, 0.11009620419689926, 0.0, 0.0, 0.0, 0.0, 0.0, 0.0, 0.0, 0.0, 0.06381225587904116, 0.0, 0.0, 0.0, 0.0, 0.0, 0.0, 0.0, 0.0, 0.0, 0.0, 0.0, 0.0, 0.0, 0.0, -0.26303607154132164, 0.0, 0.0, 0.0, 0.0, 0.0, 0.0, 0.0, 0.0, 0.25955703913593037, 0.0, 0.0, 0.0, 0.2257083265136938, 0.0, 0.0, 0.0886547435990867, 0.0, 0.0, 0.0, 0.0, 0.0, 0.0, 0.0, 0.0
0.0, 0.0, 0.0, 0.025374251505944467, 0.0, 0.0, 0.0, 0.0, 0.0, 0.0, 0.401725867773747, 0.12378684256877129, 0.0, 0.0, 0.0, 0.0, 0.0, 0.0, 0.0, 0.0, 0.08261976871218245, 0.0, 0.0, 0.0, 0.0, 0.0, 0.0, 0.0, 0.0, 0.0, 0.0, 0.0, 0.0, 0.0, 0.0, -0.29116282140209027, 0.0, 0.0, 0.0, 0.0, 0.0, 0.0, 0.0, 0.0, 0.2883048538562576, 0.0, 0.0, 0.0, 0.23809629722044245, 0.0, 0.0, 0.0997407907577229, 0.0, 0.0, 0.0, 0.0, 0.0, 0.0, 0.0, 0.0
0.0, 0.0, 0.0, 0.037782516032816724, 0.0, 0.0, 0.0, 0.0, 0.0, 0.0, 0.4016166676344694, 0.13719844825890207, 0.0, 0.0, 0.0, 0.0, 0.0, 0.0, 0.0, 0.0, 0.09812690098751171, 0.0023157675165136455, 0.0, 0.0, 0.0, 0.0, 0.0, 0.0, 0.0, 0.0, 0.0, 0.0, 0.0, 0.0, 0.0, -0.31823195834267065, 0.0, 0.0, 0.0, 0.0, 0.0, 0.0, 0.0, 0.0, 0.3165504391921472, 0.0, 0.0, 0.0, 0.2498441387176003, 0.0, 0.0, 0.11064844247054294, 0.0, 0.0, 0.0, 0.0, 0.0, 0.0, 0.0, 0.0
0.0, 0.0, 0.0, 0.05010206469632465, 0.0, 0.0, 0.0, 0.0, 0.0, 0.0, 0.40216375912268226, 0.1500995710484064, 0.0, 0.0, 0.0, 0.0, 0.0, 0.0, 0.0, 0.0, 0.10649299553634547, 0.014644885912648047, 0.0, 0.0, 0.0, 0.0, 0.0, 0.0, 0.0, 0.0, 0.0, 0.0, 0.0, 0.0, 0.0, -0.34348020089586523, 0.0, 0.0, 0.0, 0.0, 0.0, 0.0, 0.0, 0.0020191367448910078, 0.3430791699972009, 0.0, 0.0, 0.0, 0.2610394161077203, 0.0, 0.0, 0.12195638194219355, 0.0, 0.0, 0.0, 0.0, 0.0, 0.0, 0.0, 0.0
0.0, 0.0, 0.0, 0.06273551721187232, 0.0, 0.0, 0.0, 0.0, 0.0, 0.0, 0.4045466580229276, 0.16003069014252663, 0.0, 0.0, 0.0, 0.0, 0.0, 0.0, 0.0, 0.0, 0.11344859449729487, 0.02722388070532499, 0.0, 0.0, 0.0, 0.0, 0.0, 0.0, 0.0, 0.0, 0.0, 0.0, 0.0, 0.0, 0.0, -0.37125180043856354, 0.0, 0.0, 0.0, 0.0, 0.0, 0.0, 0.0, 0.026654445559240705, 0.3502613773958813, 0.0, 0.0, 0.0, 0.27158462725079263, 0.0, 0.0035393643266279865, 0.13340020474664765, 0.0, 0.0, 0.0, 0.0, 0.0, 0.0, 0.0, 0.0
0.0, 0.0, 0.0, 0.0781818593273065, 0.0, 0.0, 0.0, 0.0, 0.0, 0.0, 0.41556521058602824, 0.168419599519443, 0.0, 0.0, 0.0, -0.032360583384507806, 0.0, 0.0, 0.0, 0.0, 0.13195990958874082, 0.03879523836646562, 0.0, 0.0, 0.0, 0.0, 0.0, 0.0, 0.0, 0.0, 0.0, 0.0, 0.0, 0.0, 0.0, -0.3980606674644946, 0.0, 0.0, 0.0, 0.0, 0.0, 0.0, 0.0, 0.04936006570357694, 0.3525823499797907, 0.0, 0.0, 0.0, 0.2809289829020956, 0.0, 0.015848399581981008, 0.14352984215620362, 0.0, 0.0, 0.0, 0.0, 0.0, 0.0, 0.0, 0.0
0.0, 0.0, 0.0, 0.0932686271123795, 0.0, 0.0, 0.0, 0.0, 0.0, 0.0, 0.42812460948160436, 0.17628727285666232, 0.0, 0.0, 0.0, -0.07131623994843886, 0.0, 0.0, 0.0, 0.0, 0.15318212444691004, 0.04974677593370691, 0.0, 0.0, 0.0, 0.0, 0.0, 0.0, 0.0, 0.0, 0.0, 0.0, 0.0, 0.0, 0.0, -0.42508078793377496, 0.0, 0.0, 0.0, 0.0, 0.0, 0.0, 0.0, 0.07064733492469812, 0.3546671668958542, 0.0, 0.0, 0.0, 0.2897501032635564, 0.0, 0.029628947521337334, 0.1538769083716991, 0.0, 0.0, 0.0, 0.0, 0.0, 0.0, 0.0, 0.0
0.0, 0.0, 0.0, 0.1082225160656872, 0.0, 0.0, 0.0, 0.0, 0.0, 0.0, 0.44232995025301, 0.18386726248331187, 0.0, 0.0, 0.0, -0.10676980853698051, 0.0, 0.0, 0.0, 0.0, 0.17363292016996348, 0.05722563198680889, 0.003545840702258094, 0.0, 0.0, 0.0, 0.0, 0.0020796904279173946, 0.0, 0.0, 0.0, 0.0, 0.0, 0.0, 0.0, -0.4503604473916026, 0.0, 0.0, 0.0, 0.0, 0.0, 0.0, 0.0, 0.09311907794538576, 0.3568297029307236, 0.0, 0.0, 0.0, 0.298200614566401, 0.0, 0.043252881106692946, 0.16358105836978354, 0.0, 0.0, 0.0, 0.0, 0.0, 0.0, 0.0, 0.0
0.0, 0.0, 0.0, 0.12354620090626275, 0.0, 0.0, 0.0, 0.0, 0.0, 0.0, 0.4543103075494872, 0.19308916643105573, 0.0, 0.0, 0.0, -0.1367072523622462, 0.0, 0.0, 0.0, 0.0, 0.196354086421061, 0.05837172746084014, 0.014889552016707202, 0.0, 0.0, 0.0, 0.0, 0.014145529629970833, 0.0, 0.0, 0.0, 0.0, 0.0, 0.0, 0.0, -0.4722060173181776, 0.0, 0.0, 0.0, 0.0, 0.0, 0.0, 0.0, 0.11262257606026453, 0.36105729598260144, 0.0, 0.0, 0.0, 0.3062742286708492, 0.0, 0.05791287475334671, 0.17295932101147235, 0.0, 0.0, 0.0, 0.0, 0.0, 0.0, 0.0, 0.0
0.011104365683315293, 0.0, 0.0, 0.1334154698825748, 0.0, 0.0, 0.0, 0.0, 0.0, 0.0, 0.4631785669239293, 0.20338174835026218, 0.0, 0.0, 0.0, -0.16741788619267, 0.0, 0.0, 0.0, 0.0, 0.2175286149632353, 0.05344043991478847, 0.03085722284736449, 0.0, 0.0, 0.0, 0.0, 0.02828781538741594, 0.0, 0.0, -0.009475063728589502, 0.0, 0.0, 0.0, 0.0, -0.49397576553124817, 0.0, 0.0, 0.0, 0.0, 0.0, 0.0, 0.0, 0.1334449412347887, 0.36456777412534297, 0.0, 0.0, 0.0, 0.31461741829116774, 0.0, 0.07188210225980474, 0.1823040704477287, 0.0, 0.0020132521585861478, 0.0, 0.0, 0.0, 0.0, 0.0, 0.0
0.023013407981255063, 0.0, 0.0, 0.13853369358360867, 0.0, 0.0, 0.0, 0.0, 0.0, 0.0, 0.47089210065945475, 0.21433428507153668, 0.0, 0.0, 0.0, -0.19798749302231483, 0.0, 0.0, 0.0, 0.0, 0.23163633197365402, 0.04849832220635944, 0.0473624859538599, 0.0, 0.0, 0.0, 0.0, 0.04536545670956339, 0.0, 0.0, -0.03418129425692043, 0.0, 0.0, 0.0, 0.0, -0.5169081448121917, 0.0, 0.0, 0.0, 0.0, 0.0, 0.0, 0.0, 0.1561898720616458, 0.36896995036434305, 0.0, 0.0, 0.0, 0.32440434066242446, 0.0, 0.08204967273392706, 0.19291717637088027, 0.0, 0.011461156221855508, 0.0, 0.0, 0.0, 0.0, 0.0, 0.0
0.0347168579053375, 0.0, 0.0, 0.1436622985786365, 0.0, 0.0, 0.0, 0.0, 0.0, 0.0, 0.47847140043807923, 0.22517574116546812, 0.0, 0.0, 0.0, -0.22694643530586578, 0.0, 0.0, 0.0, 0.0, 0.24515350443692213, 0.04389012123430851, 0.06344769261197107, 0.0, 0.0, 0.0, 0.0, 0.06184348415162871, 0.0, 0.0, -0.05792879861491156, 0.0, 0.0, 0.0, 0.0, -0.5399480998605614, 0.0, 0.0, 0.0, 0.0, 0.0, 0.0, 0.0, 0.17867386467696972, 0.373511015971946, 0.0, 0.0, 0.0, 0.33423296983846845, 0.0, 0.09238122437906554, 0.20310968971032356, 0.0, 0.020536700739318195, 0.0, 0.0, 0.0, 0.0, 0.0, 0.0
0.04596248632822411, 0.0, 0.0, 0.14842348475253028, 0.0, 0.0, 0.0, 0.0, 0.0, 0.0, 0.4863690524280605, 0.23575680488470543, 0.0, 0.0, 0.0, -0.2551595694363732, 0.0, 0.0, 0.0, 0.0, 0.25836138721158664, 0.03978648472819915, 0.07909478681185729, 0.0, 0.0, 0.0, 0.0, 0.07767793209413015, 0.0, 0.0, -0.0807749404065289, 0.0, 0.0, 0.0, 0.0, -0.5631954915630158, 0.0, 0.0, 0.0, 0.0, 0.0, 0.0, 0.0, 0.2006029706621162, 0.37844522227983146, 0.0, 0.0, 0.0, 0.3438479160188458, 0.0, 0.10259448352048799, 0.21316386017150815, 0.0, 0.02906766806765407, 0.0, 0.0, 0.0, 0.0, 0.0011956045205412933, 0.0
0.058062017828222935, 0.0, 0.0, 0.15148339489991766, 0.0, 0.0, 0.0, 0.0, 0.0, 0.0, 0.4965895140085407, 0.24503024568622023, 0.0, 0.0, 0.0, -0.28241900575309703, 0.0, 0.0, 0.0, 0.0, 0.2718601873740181, 0.03618352444972565, 0.09528049647175982, 0.0, 0.0, 0.0, 0.0, 0.09387773300678164, 0.0, 0.0, -0.10199226406065001, 0.0, 0.0, 0.0, 0.0, -0.5855182001479041, 0.0, 0.0, 0.0, 0.0, 0.0, 0.0, 0.0, 0.2202275591654996, 0.38428781549423796, 0.0, 0.0, 0.0, 0.35383374035179865, 0.0, 0.11046586167386314, 0.22302388265058168, 0.0, 0.037448465425441446, 0.0, 0.0, -0.01663760664281793, 0.0, 0.01829958651856705, 0.0
0.07354409599821311, 0.0, 0.0, 0.15603531715249927, 0.0, 0.0, -0.020183806914770206, 0.0, 0.0, 0.0, 0.5137287002719835, 0.2532051032698556, 0.0, 0.0, 0.0, -0.3042362480056472, 0.0, 0.0, 0.0, 0.0, 0.285263240160485, 0.027531028557506648, 0.11471509737851006, 0.0, 0.0, 0.0, 0.0, 0.10693301130630148, 0.0025893201492065985, 0.0, -0.12270422708693, 0.0, 0.0, 0.0, 0.0, -0.601772854236724, -0.002781685254603067, 0.0, 0.0, -0.010641188029671442, 0.0, 0.0, 0.0, 0.2414487602187648, 0.3924576014886883, 0.0, 0.0, 0.0, 0.368649755533403, 0.0, 0.12092482157989103, 0.23095400329506802, 0.0, 0.048691190082729, 0.0, 0.0, -0.04118513776541054, 0.0, 0.03841093399407279, 0.0
0.08746711254685395, 0.0, 0.0, 0.16239091865266683, 0.0, 0.0, -0.046970925579089176, 0.0, 0.0, 0.0, 0.5326147928670482, 0.2624885005341713, 0.0, 0.0, 0.0, -0.3208919117120605, 0.0, 0.0, 0.0, 0.0, 0.30753274478605486, 0.004373481132092908, 0.1435661706454309, 0.0, 0.0, 0.0, 0.0, 0.10133759970441863, 0.027966240429566743, 0.0, -0.14620663835078543, 0.0, 0.0, 0.0, 0.0, -0.6024546888069343, -0.016867683629130676, 0.0, 0.0, -0.029422596749281354, 0.0, 0.0, 0.0, 0.2623641735267759, 0.4037999397953123, 0.0, 0.0, 0.0019645513628299546, 0.38552854934289044, 0.0, 0.1312045523083273, 0.23927966786186583, 0.0, 0.062452100998301126, 0.0, 0.0, -0.06512412504408319, 0.0, 0.05628376998781312, 0.0
0.114840855100246, 0.0, 0.0, 0.16320554843225682, 0.0, 0.0, -0.07319672939420148, 0.0, 0.0, 0.0, 0.5488043595413067, 0.27228746724414626, 0.0, 0.0, 0.0, -0.3417829021330747, 0.0, 0.0, 0.0, 0.0, 0.3240535532071243, 0.0, 0.16218771643813226, 0.0, 0.0, 0.0, 0.0, 0.09956107038323406, 0.05006958013990792, 0.0, -0.16952986169796236, 0.0, 0.0, 0.0, 0.0, -0.6065201717854578, -0.030265181865564917, 0.0, 0.0, -0.04604226258978545, 0.0, 0.0, 0.0, 0.2828624898178899, 0.41297191832528835, 0.0, 0.0, 0.01850478488179449, 0.39051799142394084, 0.0, 0.1402836025317066, 0.24919837899984865, 0.0, 0.07380304148881528, 0.0, 0.0, -0.08806563335275482, 0.0, 0.07498308782423481, 0.0
0.13335647546929438, 0.0, 0.0, 0.16867213793105687, 0.0, 0.0, -0.09734645330070431, 0.0, 0.0, 0.0, 0.5656207314172919, 0.2817991510171673, 0.0, 0.0, 0.0, -0.3630564044723273, 0.0, 0.0, 0.0, 0.008945034770910425, 0.32687140663313174, 0.0, 0.17949654770460163, 0.0, 0.0, 0.0, 0.0, 0.09517743670626787, 0.07244502421684614, 0.0, -0.19296121812283606, 0.0, 0.0, 0.0, 0.0, -0.6078451129575444, -0.044951389243962726, 0.0, 0.0, -0.0636578076404378, 0.0, 0.0, 0.0, 0.30325118039847954, 0.42251365527229034, 0.0, 0.0, 0.03735991887098259, 0.39449708762865077, 0.0, 0.1481183338941481, 0.2588867865543293, 0.0, 0.086153454136645, 0.0, 0.0, -0.1092006679116316, 0.0, 0.09237192279224674, 0.0
0.1520373982058778, 0.0, 0.0, 0.1747740326592536, 0.0, 0.0, -0.12093395059569086, 0.0, 0.0, 0.0, 0.5831458349613564, 0.29024609685621683, 0.0, 0.0, 0.0, -0.3847487485329884, 0.0, 0.0, 0.0, 0.02541795271186228, 0.3220391418660062, 0.0, 0.19776023602325252, 0.0, 0.0, 0.0, 0.0, 0.09129733907141914, 0.0938001141104103, 0.0, -0.2157446932521935, 0.0, 0.0, 0.0, 0.0, -0.6096984311233639, -0.0593891834784897, 0.0, 0.0, -0.08127195138316876, 0.0, 0.0, 0.0, 0.32357893825512585, 0.4321649425259951, 0.0, 0.0, 0.057406157031394206, 0.3981867112266823, 0.0, 0.1556945336191476, 0.26790115554651306, 0.0, 0.0984103716545595, 0.0, 0.0, -0.12926728601148987, 0.0, 0.10908070855757591, 0.0
0.1740755530118702, 0.0, 0.0, 0.1753058207690213, 0.0, 0.0, -0.14388224953949813, -0.000921413693095359, 0.0, 0.0, 0.596656453837055, 0.3016732783534819, 0.0, 0.0, 0.0, -0.4091634098427692, 0.0, 0.0, 0.0, 0.04951180236101647, 0.31334163956266536, 0.0, 0.21622456040537524, 0.0, 0.0, 0.0, 0.0, 0.08331745527586779, 0.11646182845759662, 0.0, -0.23793786629181876, 0.0, 0.0, 0.0, 0.0, -0.6057870306629242, -0.0794236481825255, 0.0, 0.0, -0.0979733006876999, 0.0, 0.0, 0.0, 0.33829283083108747, 0.4488288023541132, 0.0, 0.0, 0.0772908226724251, 0.41870051197891556, -0.028930786087523072, 0.16781686106195182, 0.2818552195447226, 0.0, 0.11407000167671438, -0.004336547530559891, 0.0, -0.14653339860521325, 0.0, 0.12291238569707912, 0.0
0.1997630035241253, 0.0, 0.0, 0.17404004691386185, 0.0, 0.0, -0.15711340906621346, -0.018062472327233518, 0.0, 0.0, 0.6135112659941366, 0.31375548986673785, 0.0, 0.0, 0.0, -0.4329914705574195, 0.0, 0.0, 0.0, 0.07427444208169338, 0.3055644546059143, 0.0, 0.23133112977995277, 0.0, 0.0, 0.0, 0.0, 0.0749883109546305, 0.13995911444430512, 0.0, -0.25956011002256346, 0.0, 0.0, 0.0, 0.0, -0.6004734436656879, -0.10248560910030252, 0.0, 0.0, -0.11060196514049167, 0.0, 0.0, 0.0, 0.34654957009319, 0.4725672317983175, 0.0, 0.0, 0.087339574847757, 0.4566094649935037, -0.07236404423134987, 0.18303528704895045, 0.2993322361965735, 0.0, 0.13359933156084086, -0.01840645541597454, 0.0, -0.15944053569505784, 0.0, 0.1357453178281529, 0.0
0.22394722607312545, 0.0, 0.0, 0.1732678986732619, 0.0, 0.0, -0.16990687056078219, -0.03644022904461795, 0.0, 0.0, 0.6307144796050372, 0.3260685873673579, 0.0, 0.0, 0.0, -0.456789650281126, 0.0, 0.0, 0.0, 0.09665542023122066, 0.3003237430348298, 0.0, 0.24600151257366987, 0.0, 0.0, 0.0, 0.0, 0.0667617976492349, 0.16344861156208657, 0.0, -0.2802883755270093, 0.0, 0.0, 0.0, 0.0, -0.597878156735847, -0.12403418456679814, 0.0, 0.0, -0.12243380898618511, 0.0, 0.0, 0.0, 0.3536770788694493, 0.49803765245947273, 0.0, 0.0, 0.09388388367068598, 0.4964202389214795, -0.11556377792166644, 0.1994103440427002, 0.31720545915356224, 0.0, 0.1526508811363287, -0.031615127925770675, 0.0, -0.17045905384939647, 0.0, 0.14819179825288503, 0.0
0.24918244422072033, 0.0, -0.009679894578702738, 0.18053858313967694, 0.0, 0.0, -0.18319182916191698, -0.06190816284874046, 0.016833311299574702, 0.0, 0.634814713599859, 0.3462797443892896, 0.0, 0.0, 0.0, -0.4797376859125472, 0.0, 0.0, 0.0, 0.11392547382495793, 0.2944540607617011, 0.0, 0.26469849760337055, 0.0, 0.0, 0.0, 0.0, 0.05493761970243092, 0.18434221486197233, 0.009260423785595434, -0.30764741141937424, 0.0, 0.0, 0.0, 0.0, -0.5965802917534574, -0.14546804447584707, 0.0, 0.0, -0.1329628000113197, 0.0, 0.0, 0.0, 0.3603328199401661, 0.5219477857749625, 0.0, 0.0, 0.1021680688927452, 0.5363176773244263, -0.15915170475433169, 0.21530389912569048, 0.3349097061520211, 0.0, 0.1710791861911399, -0.04203763395911883, 0.0, -0.17996323009333043, 0.0, 0.15985930889737057, 0.0
0.28542703015403714, 0.0, -0.06516533438898385, 0.21210407061456574, 0.0, 0.0, -0.20173089519751686, -0.09906616530227928, 0.05693224339847646, 0.0, 0.6180257104972896, 0.3830366955724955, 0.0, 0.0, 0.0, -0.5001629428152379, 0.0, 0.0, 0.0, 0.12430022165967454, 0.2815768359460294, 0.0, 0.2919598388516987, 0.0, 0.0, 0.0, 0.0, 0.040130234208890385, 0.18881135923054584, 0.041452684601410814, -0.3491195360305752, 0.0, 0.0, 0.0, 0.0, -0.5984354635472845, -0.16414576784279208, 0.0, 0.007995513305193281, -0.14786132904023702, 0.0, 0.0, 0.0, 0.36347917850668077, 0.5437254183943441, 0.0, 0.0, 0.1180348766106653, 0.5801644159316911, -0.20993672882797954, 0.23042390041587632, 0.35387782659228234, 0.0, 0.19301674226230664, -0.0502847769625823, 0.0, -0.1829460261032876, 0.0, 0.16932086694971668, 0.0
0.3215522706759443, 0.0, -0.11841035188065467, 0.24435276027570538, 0.0, 0.0, -0.21867459788774654, -0.13639283339642536, 0.09553343984058237, 0.0, 0.5980220654791734, 0.42230654638969994, 0.0, 0.0, 0.0, -0.5161557485938649, 0.0, 0.0, 0.0, 0.13246902107012676, 0.26572625188453536, 0.0, 0.3236719152144471, 0.001279806874374827, 0.0, 0.0, 0.0, 0.028348489362086903, 0.18345604716760666, 0.08173121430730787, -0.3923441421687858, 0.0, 0.0, 0.0, 0.0, -0.5981273593127335, -0.18927902594446278, 0.0, 0.043511380148956405, -0.18105191325134756, 0.0, 0.0, 0.0, 0.3667091338756164, 0.5621848153690581, 0.0, 0.0, 0.1383868538582961, 0.6246950890980749, -0.2614379695417561, 0.24287443043956158, 0.37281885208295207, 0.0, 0.21474557686384702, -0.06046545713531979, 0.0, -0.18514507801585864, 0.0, 0.17614900271171025, 0.0
0.3563490789625425, 0.0, -0.16950484899982204, 0.27655462550976767, 0.0, 0.0, -0.23712948144185167, -0.17168960884670137, 0.13208661953448148, 0.0, 0.5796430853129504, 0.46104220931805967, 0.0, 0.0, 0.0, -0.5305914902152528, 0.0, 0.0, 0.0, 0.14260400493151967, 0.24980832447775436, 0.0, 0.3465107765776445, 0.012439079667245655, 0.0, 0.0, 0.0, 0.017923883547581655, 0.17733284682111214, 0.1221809502337586, -0.4356498350792626, 0.0, 0.0, 0.0, 0.0, -0.5970673244393156, -0.21523355481055, 0.0, 0.07837829041166053, -0.21295135789262834, 0.0, 0.0, 0.0, 0.3695106107505634, 0.581894323451052, 0.0, 0.0, 0.16203620993068416, 0.6634721009081218, -0.30956420339516, 0.25458111395004707, 0.3920232029520115, 0.0, 0.2355328986334062, -0.07119663327717804, 0.0, -0.18863654809867278, 0.005460169964549748, 0.1802791038859859, 0.0
0.3910680753125173, 0.0, -0.21898154576692466, 0.3081944486576847, 0.0, 0.0, -0.25556983810688844, -0.2065228238262714, 0.16871216463463787, 0.0, 0.556856585068057, 0.5043323743547956, 0.0, -0.0020615362183040806, 0.0, -0.5435642691308071, 0.0, 0.0, 0.0, 0.1543058367846517, 0.23239273394835808, 0.0, 0.36774824126552985, 0.025654417368378892, 0.0, 0.0, 0.0, 0.008837576384538472, 0.16899856149290768, 0.16608558569215406, -0.4816026882422363, 0.0, 0.0003805036819117379, 0.0, 0.0, -0.593717009624513, -0.24172684475475897, 0.0, 0.11154980094498425, -0.2441516437648903, 0.0, 0.0, 0.0, 0.3704562243184369, 0.6020531541783645, 0.0, 0.0, 0.18740943192724493, 0.7007131848548507, -0.357579668516013, 0.2660952518110981, 0.41048070123073466, 0.0, 0.2550821146817922, -0.08267222885524127, 0.0, -0.19358466539831576, 0.020198627210061403, 0.18080328776591548, 0.0
0.4230628399218813, 0.0, -0.26073434924217687, 0.33724092942081996, 0.0, 0.0, -0.273742255340845, -0.2369719047848636, 0.20179776336589406, 0.0, 0.5348854210956705, 0.5461653181457378, 0.0, -0.011031210203405055, 0.0, -0.5490771647490726, 0.0, 0.0, 0.0, 0.1661893013779114, 0.21768580407541516, 0.001522265130093904, 0.3881670200805116, 0.03926684658203058, 0.0, 0.0, 0.0, 0.0036672819542872457, 0.16301202119188127, 0.2116328885684292, -0.5469188091674989, 0.022715543401216592, 0.008050076924587757, 0.0, 0.0, -0.5974680291093739, -0.26609241999378586, 0.0, 0.14238057641182006, -0.2770477666167658, 0.0, 0.0, 0.0, 0.36959069713849485, 0.6241823417057797, 0.0, 0.0, 0.21528862381967168, 0.7355122827434787, -0.40502170666180937, 0.28005546290370165, 0.42766198497839536, 0.0, 0.27245122914906295, -0.09086018238861741, 0.0, -0.1977491970769915, 0.034813740037477094, 0.1829362224695312, 0.0
0.43089628608558694, 0.0, -0.2851535637125446, 0.36526254508397676, 0.0, 0.0, -0.2853202950496436, -0.26382452444499904, 0.23354633372586994, 0.0, 0.5103520232170324, 0.5868335561018169, 0.0, -0.017879698925653872, 0.0, -0.556672791318491, 0.0, 0.0, 0.0, 0.1771063160684152, 0.19669374040489163, 0.020551978187201926, 0.39209575506976435, 0.05703328791046464, 0.0, 0.0, 0.0, 0.0, 0.15126738310403848, 0.27210328219277713, -0.6344465620717045, 0.07233195958935768, 0.004720505806286032, 0.0, 0.0, -0.5978332293015535, -0.2933220169070282, 0.0, 0.17553873235800432, -0.310166901200204, 0.0, 0.0, 0.0, 0.36539583508451273, 0.6463128675225146, 0.0, 0.0, 0.24068972908698374, 0.7716130357581843, -0.45099787664083957, 0.2916488700391641, 0.44443840786695943, 0.0, 0.28824073603309985, -0.09642491414901039, 0.0, -0.20120685921663065, 0.04801240737929768, 0.1862480474054622, 0.0
0.4603775058098062, 0.0, -0.31957670728554566, 0.3909349107485232, 0.0, 0.0, -0.30109427904092606, -0.2907264394764667, 0.26457662342911814, 0.0, 0.48947458651276304, 0.6219397243553536, 0.0, -0.021156382521028153, 0.0, -0.5665310640228441, 0.0, 0.0, 0.0, 0.1939682554493249, 0.16667625773119016, 0.054316835021668106, 0.38484346024364174, 0.07996579881548846, 0.0, 0.0, 0.0, 0.0, 0.1346594883419308, 0.3393744018084531, -0.7325510406383354, 0.13174389658886537, 0.0, 0.0, 0.0, -0.6019865589091468, -0.3208629976753924, 0.0, 0.20674158436785176, -0.3436172661277366, 0.0, 0.0, 0.010165159101218065, 0.35775109207806194, 0.667708030802433, 0.0, 0.0, 0.27014156619521534, 0.8038751889369953, -0.4993202555051333, 0.3046225954534463, 0.46391505415327294, 0.0, 0.30185109294540946, -0.0998326998284898, 0.0, -0.20409013221508454, 0.06032822534447135, 0.186033775882221, 0.004509491317285912
0.4896727191201116, 0.0, -0.35434321840705074, 0.4175999675672196, 0.0, 0.0, -0.3160422431217464, -0.31552854858278573, 0.29750920803579506, 0.0, 0.4659682281097791, 0.6570314725421791, 0.0, -0.02268273659751989, 0.0, -0.5785071572920507, 0.0, 0.0, 0.0, 0.21632747808121763, 0.12283318097714857, 0.10479864391587056, 0.3678619046573656, 0.10646745965959037, 0.0, 0.0, 0.0, 0.0, 0.1136489491364126, 0.4167513107523708, -0.8417544524169757, 0.1930641435337506, 0.0, 0.0, 0.0, -0.6065567537743187, -0.3513819418478528, 0.0005931458074307777, 0.24132412878232326, -0.3834170180393685, 0.0, 0.0, 0.027102827505910015, 0.3448143580782406, 0.6841083874895886, 0.012263757955010543, 0.0, 0.2989356317502036, 0.8401256382913698, -0.554453801704159, 0.3144781600619349, 0.47854144830682843, 0.01449764724842392, 0.313413160046309, -0.10229433277332903, 0.0, -0.20618638043438714, 0.07386022194853145, 0.1827321562690917, 0.008920978433505195
0.5172699988335119, 0.0, -0.3915651593594454, 0.443918528736862, 0.0, 0.0, -0.33159640022028825, -0.3395225810995182, 0.3306728628946417, 0.0, 0.4477879512709354, 0.6873329394401911, 0.0, -0.024516591287043255, 0.0, -0.5927842491499477, 0.0, 0.0, 0.0, 0.2422711406452919, 0.07494959998056898, 0.15692660927884164, 0.353238673507923, 0.13081598521305218, 0.0, 0.0, 0.0, 0.0, 0.09647640274746122, 0.4852458965606074, -0.9426086210055268, 0.25146165229238515, 0.0, 0.0, 0.0, -0.6183800927598813, -0.38243241196080835, 0.014302599261623071, 0.2682700624169274, -0.42196320849811825, 0.0, 0.0, 0.044406371410221204, 0.3321188165140511, 0.6971536569673975, 0.03247364531683869, 0.0, 0.3262175339073317, 0.8751611338743971, -0.6111778475247978, 0.323487953392665, 0.48796993300494335, 0.034192221811458506, 0.3247052352456318, -0.10481318929664891, 0.0, -0.20630991071182953, 0.08792014829022611, 0.1816981065282767, 0.012598689912036274
0.5443425438766697, 0.0, -0.42778613744339894, 0.4705782400526589, 0.0, 0.0, -0.34697809552543596, -0.3628441195143749, 0.3612879860443136, 0.0, 0.43381695144734156, 0.7145505082150314, 0.0, -0.027148013812108077, 0.0, -0.6070899893974008, 0.0, 0.0, 0.0, 0.2714348951501221, 0.02792366376326523, 0.20677402893442984, 0.3400399656270279, 0.15404224870635505, 0.0, 0.0, 0.0, 0.0, 0.08279410841596223, 0.5487552865294746, -1.0390166106581513, 0.308015720467281, 0.0, 0.0, 0.0, -0.6305749933034159, -0.4164878998844291, 0.0322507761082156, 0.2915190255969961, -0.45858208211808066, 0.0, 0.0, 0.06257164621655063, 0.3209190822142047, 0.7090421802246973, 0.053801680754003364, 0.0, 0.3545593744337022, 0.9087560298061229, -0.6674895436113966, 0.3327956508010438, 0.4975046546187678, 0.05314422237688636, 0.3362811042553988, -0.10710000965662247, 0.0, -0.20565035451801608, 0.10176599321937825, 0.180062679073957, 0.01636013501562824
0.5702382067346224, 0.0, -0.4630583719857555, 0.4965916839822871, 0.0, 0.0, -0.36251600749239826, -0.3840544820259669, 0.3877102670326957, 0.0, 0.42344736079303297, 0.7385036006143257, 0.0, -0.0293244890212714, 0.0, -0.6202736103534449, -0.0004188876784453838, 0.0, 0.0, 0.29700105479390265, 0.0, 0.24087252537085246, 0.33387923532897046, 0.17448018228457876, 0.0, 0.0, 0.0, 0.0, 0.07560244369835745, 0.601462018741947, -1.1214646641595634, 0.3578573546733185, 0.0, 0.0, 0.0, -0.6475774780277124, -0.44743513367715493, 0.05254263398674692, 0.30929708580373416, -0.48991069390930486, 0.0, 0.0, 0.08102750749425706, 0.3137934764297602, 0.7219997552609776, 0.07374838443021375, 0.0, 0.38424147024476596, 0.9363731995855511, -0.720645387781163, 0.3439828209344422, 0.5078865128285792, 0.07003481283125156, 0.3480687221282253, -0.10965480762467711, 0.0, -0.20487422543633255, 0.11478482705412821, 0.17827625237893918, 0.02021806105564871
0.5932236093951058, 0.0, -0.49726550100822076, 0.5203036342471702, 0.0, 0.0, -0.3785597186557516, -0.4057253884264721, 0.41400218969475705, 0.0, 0.41500249722724664, 0.7647843128659733, 0.0, -0.03170069348016947, 0.0, -0.6353828173078678, -0.0024311638365537144, 0.0, 0.0, 0.30998669473492424, 0.0, 0.2562035910392165, 0.33724992168013146, 0.1907582283391707, 0.0, 0.0, 0.0, 0.0, 0.06685395079263387, 0.6580961509802067, -1.2098654812948948, 0.41310833627993254, 0.0, 0.0, 0.0, -0.6580837383670961, -0.48372091695660646, 0.07535395602150083, 0.324130910546272, -0.5245870876442792, 0.0, 0.0, 0.09763967175654185, 0.3037572068939003, 0.7347638853674519, 0.09598693863041488, 0.0, 0.41442471454874485, 0.9701605331928782, -0.7773923974451658, 0.35400877620582366, 0.5182619700822372, 0.08949660180976104, 0.3600719102185171, -0.11277386180538561, 0.0, -0.20521632356493882, 0.12760407327760645, 0.17627750587729588, 0.026605702207654746
0.6150554274546296, 0.0, -0.5304558789535905, 0.5426197429066871, 0.0, 0.0, -0.39636565574951715, -0.4283381738526204, 0.4417651696503357, 0.0, 0.4084288718313076, 0.7914884245299293, 0.0, -0.03247586821858277, 0.0, -0.6498657323576356, -0.007725512760679705, 0.0, 0.0, 0.31692344302690467, 0.0, 0.2740162611132983, 0.3460235276833592, 0.2080741620283246, 0.0, -0.0149509797091228, 0.0, 0.0, 0.060058875058812584, 0.7177695944097559, -1.302072653224337, 0.4678523984124107, 0.0, 0.0, 0.0, -0.6684342180540418, -0.5230176910732794, 0.09676772342834054, 0.3405199125704079, -0.5581259226032734, 0.0, 0.0, 0.11447929082927885, 0.2948613601951806, 0.7489021728264543, 0.11808160718620929, 0.0, 0.4444570734867397, 1.004892032948266, -0.8360884186238761, 0.3630542583427001, 0.5253200212371705, 0.11195743412043063, 0.37281876276675424, -0.11759174043370832, 0.0, -0.20519505983231814, 0.1403785021273199, 0.17261163263090615, 0.03173596907440582
0.6366482811197555, 0.0, -0.5611797483049002, 0.564974085726006, 0.0, 0.0, -0.4139402734759381, -0.45215621773942205, 0.4666218512328309, 0.0, 0.40850695136623155, 0.8137417136094501, 0.0, -0.03168786815843668, 0.0, -0.6616921086163512, -0.014967809064224883, 0.0, 0.0, 0.3227878774351846, 0.0, 0.2901288501800984, 0.3554649840386551, 0.22594523287978655, 0.0, -0.0330591337707844, 0.0, 0.0, 0.059576865419887, 0.7615003287511951, -1.3733835340600522, 0.509471163961668, 0.0, 0.0, 0.0, -0.6823795217730081, -0.5505291202109294, 0.11505091200635567, 0.35432255814412866, -0.5832344073390606, 0.0, 0.0, 0.1299406516202779, 0.29047603352244555, 0.7645603347864319, 0.13572516493121614, 0.0, 0.47331516472639884, 1.0283755384844235, -0.886408717311999, 0.3739478577258166, 0.529919536983103, 0.1315221018908278, 0.38482259254371265, -0.12218652884339216, 0.0, -0.20784962954281344, 0.15194437028008093, 0.16806262089187654, 0.0355205772553853
0.65752088119325, 0.0, -0.5955260469450079, 0.5882590975333556, 0.0, 0.0, -0.4327908311062407, -0.478752483282393, 0.49606822975152487, 0.0, 0.4092845585053426, 0.8365271851017344, 0.0, -0.03509807047259739, 0.0, -0.673486654376363, -0.024311600227262392, 0.0, 0.0, 0.3301833615016412, 0.0, 0.30596133904076234, 0.36539442360331065, 0.24698050380739334, 0.0, -0.054994604427081616, 0.0, 0.0, 0.059529246519917804, 0.8083014842943115, -1.4530815866490778, 0.5565957790385934, 0.0, 0.0, 0.0, -0.698782051757087, -0.5829040070012906, 0.13183115959139358, 0.36651326525225403, -0.6117997837077613, 0.0, 0.0, 0.14543601884745538, 0.28318123415206975, 0.7861355909257037, 0.1545843437695359, 0.0, 0.5058987494346951, 1.0580072320755214, -0.9411149638027165, 0.3831207942955645, 0.5347269041123646, 0.15492326221108438, 0.39772213040113236, -0.12592881728590458, 0.0, -0.2083291514299352, 0.16569209941357466, 0.16355937520943847, 0.04101015318243402
0.6781820898644801, 0.0, -0.6293261777137543, 0.6117145424008469, 0.0, 0.0, -0.4511049931732718, -0.5074329346734197, 0.5265386262008453, 0.0, 0.4103332123968112, 0.8618221003839781, 0.0, -0.037882270128381676, 0.0, -0.6855651721350605, -0.03620838050106149, 0.0, 0.0, 0.3380963407005735, 0.0, 0.3231418388133655, 0.3754179681641726, 0.269103889579442, 0.0, -0.07780658751338539, 0.0, 0.0, 0.059027120328143584, 0.8599170198337379, -1.5387011919957863, 0.6068670628647829, 0.0, 0.0, 0.0, -0.7123514679076071, -0.6168162278250854, 0.14884891160081345, 0.37964031654645913, -0.6417582127446516, 0.0, 0.0, 0.1618308614363002, 0.27251701542047546, 0.807832558792282, 0.17129616113019613, 0.0033471487714714543, 0.5375478329912547, 1.091383466579611, -0.9982228980795883, 0.3923994489968306, 0.5380642133549884, 0.17969507404352528, 0.41063121294537563, -0.1294160122714724, 0.0, -0.209059783529798, 0.17979534064507696, 0.15879005990556064, 0.046529789790411905
0.6998477321315293, 0.0, -0.6631630133780113, 0.6349607397732646, 0.0, 0.0, -0.46904136245060774, -0.537212428835135, 0.5580794730457785, 0.0, 0.41056787138838297, 0.8888663150216025, 0.0, -0.04119152249043146, 0.0, -0.6973233502983467, -0.05104110318782836, 0.0, 0.008503582520745812, 0.34009675446229587, 0.0, 0.34036639298847626, 0.3846329552625395, 0.291631302322466, 0.0, -0.10034379018939013, 0.0, 0.0, 0.05663722865676671, 0.9160296087026618, -1.6282220823082718, 0.6605976456182493, 0.0, -0.008311549198210238, 0.0, -0.7203890193648289, -0.6535626313070042, 0.16547372674608188, 0.3944216471431021, -0.6709443091461473, 0.0, 0.0, 0.17965255435695937, 0.2598330367215512, 0.8309159098321701, 0.1855978766545206, 0.009582035172780883, 0.5655692353748064, 1.1267223123133185, -1.0552015516797486, 0.40146114863817867, 0.5408039726674531, 0.2041192008162172, 0.42352069752052257, -0.13219942394789708, 0.0, -0.20976055209904657, 0.19331488866044666, 0.15343103266600436, 0.05123524535727874
0.7227522360906088, 0.0012159403015487957, -0.6974896242535324, 0.657751089362975, 0.0, 0.0, -0.48647134854246926, -0.5681963879499544, 0.5910560640238189, 0.0, 0.4103382155564023, 0.9171638220822969, 0.0, -0.04454396674506418, 0.0, -0.7095260444094914, -0.06946042538838877, 0.0, 0.02371476893735039, 0.33826156798445506, 0.0, 0.3588569140850284, 0.39260800695052495, 0.3138121386761471, 0.0, -0.12255318384414896, 0.0, 0.0, 0.05314576030461604, 0.9752014882797875, -1.7213877183128725, 0.7177912183287123, 0.0, -0.021712630297700545, 0.0, -0.7246650675969339, -0.6921295229925811, 0.18023634518183004, 0.4089449047821051, -0.6990108281758496, 0.0, 0.0, 0.1987534899920741, 0.2459789473307327, 0.8562186973249664, 0.19872967761453864, 0.016825953688738047, 0.5922177723611249, 1.1620238735900685, -1.1125038083631047, 0.4113545401146063, 0.5433945931266244, 0.22835850638350633, 0.4355901154228257, -0.13373585404095237, 0.0, -0.21016926684697437, 0.20599431981216743, 0.14802640550865376, 0.05529861661592621
0.7399179332551448, 0.003833358779944944, -0.7272654366539327, 0.6754146284655034, 0.0, 0.0, -0.5026902686795593, -0.59398097621973, 0.6209652229907188, 0.0, 0.41236786582872065, 0.9406721356084549, 0.0, -0.04857060192702445, 0.0, -0.7192725555723612, -0.0875271104546945, 0.0, 0.039841508038821895, 0.3363707289342051, 0.0, 0.3759185536524644, 0.3991602563399514, 0.33272658337207467, 0.0, -0.14176986421742127, 0.0, 0.0, 0.052579926135631526, 1.0241326874138301, -1.7997857187767354, 0.7676077775781956, 0.0, -0.03472166591952798, 0.0, -0.7277957427284176, -0.7230031549554193, 0.1929824242888573, 0.42129312115657697, -0.723063040918013, 0.0, 0.0, 0.21693605706268426, 0.23274884920745187, 0.8786005850715756, 0.20971773527404944, 0.02368031538423819, 0.6135122496671123, 1.1898604224717637, -1.1613657927657586, 0.4220915552945691, 0.5448984161221803, 0.24914230457494724, 0.4455826944026147, -0.13517331797588167, -2.8130602103450546e-05, -0.21070888689690132, 0.21723048223970182, 0.14502206059943498, 0.05888540383949269
0.766726903513597, 0.008144489252261038, -0.7640791875237487, 0.7001479854028121, -0.004209738170306713, 0.0, -0.5200541229049335, -0.6287886817208034, 0.6547978768661883, 0.0, 0.4129255748830951, 0.974327371656107, 0.0, -0.05043110897285826, 0.0, -0.7316046039840968, -0.11195298036835044, 0.0, 0.061946943057521645, 0.33104018846407146, 0.0, 0.40044807423517054, 0.40760956737713516, 0.3559606080891555, 0.0, -0.1651874622783469, 0.0, 0.0, 0.04950852442979901, 1.0882792029418369, -1.9033389606318987, 0.8325250724410281, 0.0, -0.04889665402455131, 0.0, -0.7372012251918894, -0.7641900010104784, 0.2077376495697889, 0.43583466174562935, -0.751797618116352, 0.0, 0.0, 0.24014108912365295, 0.2185387449457536, 0.9094704076288386, 0.2220058213581867, 0.03269595967811776, 0.6465506779289636, 1.2243593883378758, -1.2243750358664032, 0.4317691343661577, 0.5486994064538204, 0.2770936350181123, 0.45676355123076834, -0.1338972046102659, -0.011761529451214952, -0.20797781608949137, 0.23017577786169863, 0.14089252369470126, 0.06334858500036922
0.7822250172653687, 0.010480622200615035, -0.7880066864376978, 0.7255684587690188, -0.020188477903920508, 0.0, -0.5340050364705885, -0.6558646578916155, 0.6851075209470385, 0.0, 0.4130287721369769, 1.0026481949986226, 0.0, -0.0536020178439596, 0.0, -0.7378703854690866, -0.13334552096673358, 0.0, 0.08226522046264736, 0.32636349117975116, 0.0, 0.42359807059586374, 0.41362181834100264, 0.3751591907382576, 0.0, -0.18218035591107257, 0.0, 0.0, 0.04877286011008868, 1.1407168361866935, -1.988842909493842, 0.8869586238092478, 0.0, -0.059137573642061424, 0.0, -0.7444159713176352, -0.7955398334263724, 0.2217077445956026, 0.4508687094926885, -0.7773000384367751, 0.0, 0.0, 0.2605350308978571, 0.205821465915042, 0.9337711250715236, 0.23168924707460542, 0.04132142794744995, 0.6730771776129029, 1.2503912114553208, -1.2764177753099044, 0.44136288861951245, 0.5504952254684061, 0.3017606822867804, 0.4647723404071166, -0.13260923710313502, -0.02556184425399919, -0.207025758027759, 0.24067806666100552, 0.1416903511001675, 0.06705142645786466
0.8067315571119063, 0.013535222909502891, -0.8197686143500684, 0.7642428099400865, -0.0425723149582526, 0.0, -0.5506034783882192, -0.6912444482300335, 0.7213635085524699, 0.0, 0.4105892916354796, 1.0391766536645812, 0.0, -0.0568384663486099, 0.0, -0.7446600785713173, -0.16090369149184322, 0.0, 0.10771851477729352, 0.3181141517490777, 0.0, 0.45538751464438476, 0.4212893655975336, 0.3985868801918156, 0.0, -0.2027354469888477, 0.0, 0.0, 0.0454568450866552, 1.206258914700204, -2.0985018784547833, 0.9564998299909244, 0.0, -0.07038511911637174, 0.0, -0.7615861275050273, -0.8370085981339273, 0.2370745196855419, 0.4712243649923735, -0.8083871233468808, 0.0, 0.0, 0.2867064236326197, 0.19350192961163365, 0.9661661293791579, 0.24391263480269265, 0.053120209195382885, 0.7119542194553576, 1.2822507562646757, -1.3427720781051902, 0.4503144754943702, 0.5551525870329056, 0.3332029662155104, 0.47424149773903446, -0.12790229697014943, -0.044136762163029475, -0.20490663009872678, 0.25129669103056473, 0.13940492349463895, 0.0717354955628755
0.8195403451891147, 0.024038750603922198, -0.8478920920473993, 0.7941030217093185, -0.06054411695756542, 0.0, -0.5638782362664854, -0.7204928640947826, 0.7545111476470059, 0.0, 0.4100224660623412, 1.0686514388459354, 0.0, -0.06259309140961171, 0.0, -0.7510080983641576, -0.18367426722247449, 0.00823716605218431, 0.12301671275201824, 0.3124209226170383, 0.0, 0.48099852180830854, 0.428949771422092, 0.4177783599977787, 0.0, -0.2189852835265232, 0.0, 0.0, 0.04571668791138695, 1.2589416106578748, -2.1887439503286443, 1.0123862300973316, 0.0, -0.07669951942335602, 0.0, -0.7742486130083132, -0.868582962147728, 0.25016744399153457, 0.4890298180687344, -0.8354088867706354, 0.0, 0.0, 0.3082717595839678, 0.18280671219934513, 0.989761934252358, 0.25372986476960807, 0.06382863130107623, 0.742727085940615, 1.3072439341403896, -1.3972624287296924, 0.4589686243944175, 0.5578881303731905, 0.35964225828780527, 0.4804563351806455, -0.12514520604264487, -0.05987519538466589, -0.20313076973382999, 0.2624721423292589, 0.13919861808956924, 0.07620706764738294
0.8344349283206787, 0.03592180268535296, -0.8798540519976775, 0.8260655819079277, -0.07966659377258065, 0.0, -0.5776880404391804, -0.7513564952794073, 0.78721829265783, 0.0, 0.4102014351430621, 1.0984989444329383, 0.0, -0.06756390228289545, 0.0, -0.758538586125397, -0.2092326706300462, 0.024103446170817434, 0.13512038612131877, 0.3081633699482312, 0.0, 0.5065347414501897, 0.4381370872850159, 0.4376561980049166, 0.0, -0.23780715686173906, 0.004858209713383462, 0.0, 0.044297239628323264, 1.3135468638195378, -2.2812381947123246, 1.0697552283136857, 0.0, -0.0819242066988253, 0.0, -0.7938725414304528, -0.9019853187508278, 0.26519471606965705, 0.5092879610346794, -0.8634686129116134, 0.0, 0.0, 0.33125295620363937, 0.1737663867463096, 1.0150282823878918, 0.265119245563298, 0.0756071385257897, 0.7753501057492055, 1.3320125014668913, -1.4539708520306587, 0.4670048344497901, 0.5624815363457734, 0.38658676887378446, 0.4868800117734054, -0.12217252878394869, -0.07675809052085286, -0.20064926542624598, 0.2741611418718812, 0.13871190494547714, 0.08130006413818891
0.8501720582698841, 0.04838456587152931, -0.9137794618767492, 0.85888448156998, -0.09940278717540496, 0.0, -0.5912239536677657, -0.7827461685789144, 0.819817332254292, 0.0, 0.4117462908831597, 1.1284338344791194, -0.0006127847722133907, -0.07306238885866673, 0.0, -0.7669259307024979, -0.23735860486521676, 0.04603802773438243, 0.14398456454288758, 0.30532884453096254, 0.0, 0.5328886984488272, 0.4477239363603484, 0.4577514449624621, 0.0, -0.26094924143698534, 0.018097959477865088, 0.0, 0.0396398089852213, 1.369966442318065, -2.3770959250069286, 1.1286522099730398, 0.0, -0.083520481808808, 0.0, -0.8167660422966752, -0.9369949395419949, 0.2807811195100528, 0.5301505951665384, -0.893506347118305, 0.0, 0.0, 0.3542106229642442, 0.1664578626870031, 1.0399214828663788, 0.2786007573932537, 0.08795729986266818, 0.809489513533383, 1.3574109803456418, -1.512372854542245, 0.47566836579181465, 0.5675393374507406, 0.41463189932788447, 0.4928854490797062, -0.11791274576934116, -0.09345265723079135, -0.19796453122585653, 0.2861239994223627, 0.13831840315842733, 0.0867006680434571
0.8653664918301526, 0.06158487475604441, -0.9476040379812045, 0.8914809945993223, -0.11900409964402141, 0.0, -0.6043779529920561, -0.8143110420078434, 0.8518734345956985, 0.0, 0.41661842538097116, 1.1616966148270342, -0.013404474239438531, -0.0728965425001918, 0.0, -0.7771703247848898, -0.26712148493441346, 0.07378269038999108, 0.1495026993831046, 0.30311335795556477, 0.0, 0.5609362184479356, 0.45696467055394674, 0.47801381202067594, 0.0, -0.28920849660505166, 0.0365162208526386, 0.0, 0.03375421141580771, 1.4281512368701, -2.4751260150060195, 1.1885558241300862, 0.0, -0.08216869078418514, 0.0, -0.8412741827330823, -0.9726712111742157, 0.2973669693378183, 0.5514274192666565, -0.9256337852929775, 0.0, 0.0, 0.3781035873346568, 0.15952062229718594, 1.0622420190608794, 0.29454829383117204, 0.1003228297739543, 0.8429374115156509, 1.3837795918402807, -1.5709568477429456, 0.48472959676951344, 0.5717026457603775, 0.4428952463858681, 0.4982634432535009, -0.11314910038735289, -0.10897526526034926, -0.19650484706384627, 0.2979599737072726, 0.13841575376408272, 0.09182966924955976
0.8794942528066205, 0.07439214473689951, -0.9814255831601861, 0.9229601627511206, -0.13824849093643288, 0.0, -0.6168865855951344, -0.846591481867821, 0.8828323967302069, 0.0, 0.4241279420713334, 1.1996895960627156, -0.03369319299779749, -0.06930576240793512, 0.0, -0.7890787802545792, -0.2995550710893098, 0.10633480472500219, 0.15250884165257506, 0.30143117484427306, 0.0, 0.5912599989783179, 0.46533053183407735, 0.4988587389164446, 0.0, -0.3215792984432355, 0.05844564821962791, 0.0, 0.02754430086122066, 1.4877585906565889, -2.5753705045898974, 1.2487969908985448, 0.0, -0.0792325877143529, 0.0, -0.8673683030027283, -1.008694063113033, 0.3151854821683535, 0.5730293074227792, -0.9594690964858733, 0.0, 0.0, 0.4028102192264875, 0.15348450086046422, 1.0822118479539986, 0.31250582201168703, 0.1127562656811337, 0.8756548600399777, 1.4114008937415536, -1.6295780816362675, 0.4955931912697244, 0.5753637650927048, 0.47081845930226884, 0.5033312585855628, -0.10837159157772498, -0.12383702597841514, -0.1956276640555702, 0.30997364628865387, 0.13938633107363582, 0.09628230514469363
0.8892352151557152, 0.08541148735217641, -1.0081854615477346, 0.9468465403442506, -0.1534401114401842, 0.0, -0.6263622376471791, -0.8719320684391569, 0.9069921849495305, 0.0, 0.43178462774744997, 1.231377584138301, -0.05398064549492169, -0.0651446698778528, 0.0, -0.7985772283034613, -0.3256261156327824, 0.13443531659240562, 0.15349867348987478, 0.3005936539029626, 0.0, 0.6158918120309106, 0.4711506429065238, 0.5154160342443244, 0.0, -0.34827309977566806, 0.07786335149347151, 0.0, 0.023555813573183454, 1.5335796779970516, -2.652880226750908, 1.2955604150792117, 0.0, -0.07617105403448131, 0.0, -0.8885308018240412, -1.0359124108339355, 0.330591391942913, 0.5896510320431865, -0.9866078996590542, 0.0, 0.0, 0.42308439174077767, 0.14919804565790146, 1.095934380212743, 0.32720777763145514, 0.12235532212839519, 0.8997675338555398, 1.4329038242372925, -1.6757197361349592, 0.5061417095008305, 0.5782458018680429, 0.49213489038712777, 0.5074580320573583, -0.10524014877562075, -0.13535593939371637, -0.19549223932748844, 0.3204084536823656, 0.14102874720102762, 0.09943318739145121
0.9056821358583751, 0.09652009229034485, -1.044207181764413, 0.9788658687150662, -0.17343209911059454, 0.0, -0.6388178103909486, -0.9063008231772055, 0.9365942339554477, 0.0, 0.4419473266315063, 1.277981437586878, -0.08396323276016109, -0.0569407318338462, 0.0, -0.8124076659212425, -0.36370042234993283, 0.1755288661260157, 0.1534090949590851, 0.300676656156682, 0.0, 0.651818422236524, 0.4779278682719273, 0.5383747816624548, 0.0, -0.3868370241693139, 0.10488736738506414, 0.0, 0.017586056701206026, 1.5962642913736913, -2.758970105569209, 1.358786791490378, 0.0, -0.07155336724493162, 0.0, -0.9220928446177814, -1.0739596009371635, 0.3523973917209322, 0.612179047858824, -1.0232615693911025, 0.0, 0.0, 0.4505046547750872, 0.14592270115003741, 1.1158355444500663, 0.34960421195350144, 0.13496472981238591, 0.933323518632749, 1.4631388946566393, -1.7381383721509358, 0.5195648881881667, 0.5834803920851518, 0.5202905920845758, 0.5123578671427736, -0.10057078520428675, -0.15147987453359657, -0.19531715823064064, 0.3331291452934203, 0.1428503869871765, 0.10334785797095289
0.9192390198057004, 0.10525822926031325, -1.0716406309838118, 1.0032207293974793, -0.18845239502669675, 0.0, -0.6481683999047153, -0.932673438398096, 0.9598650844540398, 0.0, 0.4504640020640495, 1.3154599923248342, -0.10922746089315524, -0.05096775434423418, 0.0, -0.8233685598973466, -0.39391461775906217, 0.2085301300238628, 0.1520576661719103, 0.3005132024369722, 0.0, 0.6808265049693276, 0.48204101089393947, 0.5559402227863078, 0.0, -0.4168691373639041, 0.12704467289798846, 0.0, 0.01381686240694056, 1.6442710833859124, -2.841312660295652, 1.4074626710864335, 0.0, -0.06643099254034822, 0.0, -0.9473260184050204, -1.1026364316273882, 0.36929952506928626, 0.6281704335889471, -1.05227635635873, 0.0, 0.0, 0.4715595828229737, 0.1441430587231463, 1.1289533363958497, 0.3663267590994964, 0.14429245139509547, 0.9588259955193343, 1.4876113935887434, -1.787603616223482, 0.5320594905051015, 0.5875985940084996, 0.5421479719326541, 0.5162780213401149, -0.0964316597245247, -0.1633164763200455, -0.1954386842190774, 0.3434934857428756, 0.1442136729072527, 0.10606184762344521
0.9362854234228419, 0.11589471026379779, -1.1085134227209654, 1.0335006582199675, -0.20787274114878346, 0.0013461608157303024, -0.6611552919353738, -0.9668387686607929, 0.9887504360514738, 0.0, 0.46111781138878005, 1.3688397834003954, -0.14442036071832945, -0.04130505912789835, 0.0, -0.8385069790767693, -0.4378072868950718, 0.25459653668383664, 0.14940343973437906, 0.30182544024337277, 0.0, 0.7219353984602654, 0.48659236645804305, 0.5800106052874924, 0.0, -0.4593329064088582, 0.1571451781462912, 0.0, 0.00798414479371407, 1.7104313982496187, -2.9533058066468794, 1.472212832186988, 0.0006809831414671906, -0.060063282818474555, 0.0, -0.9836979982165646, -1.1419305314323092, 0.3929785387477559, 0.6498251482915964, -1.0923727387124962, 0.0034215278081134505, 0.0, 0.49765640658527044, 0.14335316169597165, 1.1467650209115647, 0.3906133062996893, 0.1560747877304303, 0.9924069032425945, 1.5224893192631663, -1.8532609412046, 0.5483690446796953, 0.5923335656763764, 0.5710497464330695, 0.5206775006620218, -0.09115979283349668, -0.1793216415723792, -0.19551503849387397, 0.35698180050831363, 0.14574807733817047, 0.10969091934589364
0.95358591547164, 0.12092175110931905, -1.137211142735625, 1.0556897063758675, -0.22383441955614433, 0.010530347837471895, -0.6760919678998132, -0.992197778863872, 1.0100188505323935, 0.0, 0.4704986788784396, 1.4102642863197155, -0.1712414778887802, -0.03339125182123351, 0.0, -0.8504859285825992, -0.4729693012965414, 0.2903505126098814, 0.14670156312132968, 0.3021396910806914, 0.0, 0.7535994115971051, 0.4889936470833306, 0.5984836088088787, 0.0, -0.49250236820793064, 0.18078652185781313, 0.0, 0.0040392819040108744, 1.7614889724317422, -3.0402345401898647, 1.520553773191748, 0.0027524459643458545, -0.05742813178146574, 0.0040231366890187146, -1.0120163057149687, -1.171152580025324, 0.41158903050354817, 0.664694309573493, -1.1247830359964455, 0.007987908840587365, 0.0, 0.5166481146756148, 0.14394125804037225, 1.1580631927555889, 0.4086628568272415, 0.16568064617834344, 1.0175450070014764, 1.5508976615250414, -1.90521282638571, 0.5624777002454628, 0.5954529853481539, 0.5933879046022382, 0.525279333554843, -0.086137834106281, -0.1914665666615493, -0.19566453909751838, 0.3669933229851024, 0.14567782672661717, 0.1120752932875361
0.9716155769924562, 0.12800378161276513, -1.1777384506585542, 1.082976535021746, -0.2468814941010922, 0.026054959514851997, -0.6980266507917251, -1.023545906735896, 1.036838114349369, 0.0, 0.4831090894631005, 1.4670625191133086, -0.2077186250740366, -0.020871287539715188, 0.0, -0.8665745245041657, -0.5236145840512986, 0.33890675096500306, 0.14324921600933194, 0.304333608235061, 0.0, 0.7966318905414888, 0.49213240554548016, 0.6246901041950156, -0.0002090938844165574, -0.5387383106254676, 0.21154038637511294, 0.0, 0.0, 1.8298711113498205, -3.156772848381263, 1.584725454300621, 0.0071302293836158805, -0.0580698935100259, 0.01657558778710201, -1.0552651037475094, -1.2100831903721567, 0.43853624301086874, 0.685104711911552, -1.1704967998818097, 0.01368627187684874, 0.0, 0.5412340458214342, 0.14526402250661177, 1.1722909283415157, 0.435484412345694, 0.1778695798244209, 1.0497758977949057, 1.592591058560268, -1.974267370535469, 0.5801935882294139, 0.5987807701762401, 0.6234640425004978, 0.5307308094137585, -0.08083167326538535, -0.2080142874187758, -0.1948932456299738, 0.3797584502280931, 0.14790857758841525, 0.11583970432432439
0.9920772479917415, 0.13260930061469645, -1.2165491603662677, 1.1085756277316654, -0.2681615069802144, 0.04327926512161366, -0.7219137586859915, -1.053413048208666, 1.0616830691120211, 0.0, 0.4969463457049035, 1.5254160716940615, -0.2445024849861672, -0.007329963054274705, 0.0, -0.8807772320906238, -0.576163481006629, 0.3874106043172638, 0.13914060295846872, 0.30591991369318716, 0.0, 0.8406421169571112, 0.4950070089839376, 0.6516928416461591, -0.004247402308623298, -0.5815958061138455, 0.23929556080648684, -0.0005388540451345044, 0.0, 1.8963471565939019, -3.2723746296116754, 1.6476086918901154, 0.013148478945659297, -0.06250211771557651, 0.03533927302610416, -1.100439953068748, -1.2478773187002774, 0.465827438130376, 0.7049654667061489, -1.2158156129968394, 0.020240339055985587, -0.002136045026545242, 0.565657881896622, 0.1463401900989375, 1.183744675563031, 0.4618443594377045, 0.18993775941789365, 1.0808583005918988, 1.6373760711656666, -2.0447893632983747, 0.5972710080646665, 0.6021275002336778, 0.6531598984674831, 0.5362193803579332, -0.07593164976101426, -0.22486057113323654, -0.1944279429184467, 0.3906558623724894, 0.14990913721315974, 0.1197060432076127
1.0134762346766968, 0.13718753681031245, -1.2548198746236752, 1.1328103696965108, -0.28949603278673064, 0.06188205815747945, -0.7469499130427485, -1.0824969256829742, 1.0851836042312404, 0.0, 0.5106052095596616, 1.5857511750053326, -0.28001033910473494, 0.0, 0.0, -0.8922437443649384, -0.6313658928547496, 0.43573422804617645, 0.13481918516883484, 0.30684155467047997, -0.0038083946237175517, 0.8862291029280154, 0.4981011868315036, 0.6805565465239205, -0.011506537089323697, -0.6197391331474543, 0.2664001101098954, -0.011179718990296746, 0.0, 1.9665430859852389, -3.388519915757087, 1.7092313227963678, 0.020132968923321903, -0.0734535706092965, 0.058668961812208195, -1.1486542226041292, -1.2835783209540343, 0.4930867003735046, 0.7249706767993652, -1.2601454739358702, 0.0288158546585904, -0.01570164472326767, 0.596564988279537, 0.14515052101690887, 1.1942124285655435, 0.4876291462683805, 0.20289359289546194, 1.1118365207718037, 1.6844549737875278, -2.1178150192305845, 0.6136647342952357, 0.6063921140613833, 0.6826794198784977, 0.5422145413891832, -0.06959201253382048, -0.2421871234175278, -0.19264765725558555, 0.4001198556213636, 0.1511223672641062, 0.12361321279451727
1.037716255621055, 0.1415384165259625, -1.2943545325125858, 1.1586704806413868, -0.31153806943827406, 0.08232926397680204, -0.7715926727135916, -1.1123693194375326, 1.1083497781658183, 0.0, 0.5201875177974925, 1.6461900616853005, -0.3058932962936374, 0.0, 0.0, -0.8994828305159875, -0.6898277538867369, 0.4841494226749069, 0.13127947195034584, 0.3090596114873065, -0.017106813902120207, 0.9359805748932853, 0.5004355471806092, 0.7098188545428057, -0.0228865369433873, -0.6529192079279029, 0.2980973568108657, -0.028020280354301347, 0.0, 2.040322074395933, -3.5086532417225507, 1.7697781350808288, 0.03129963382897348, -0.08928792376314153, 0.0867325342548978, -1.2004425115587791, -1.317518447139703, 0.5195245519971092, 0.7446865010215327, -1.3032571226597762, 0.039707068626369434, -0.035921311787265986, 0.6309041107831359, 0.1423798056059904, 1.203113386518128, 0.5108033433011685, 0.2181013801553281, 1.140997312434047, 1.7350576932341044, -2.1932777972415325, 0.6297698083617836, 0.6106133020827544, 0.7119040786571122, 0.547844285846659, -0.061727569551393004, -0.25916717220965474, -0.18909384541757146, 0.4098030495525786, 0.1514116669255829, 0.1267972359547981
1.0659887961401273, 0.1454993323377886, -1.336300437195191, 1.1844841432080861, -0.33375239479919283, 0.1038985554080271, -0.7964349608256691, -1.1405014985341078, 1.1304502135616619, 0.0013282981367009185, 0.5249020336249562, 1.7054852924858184, -0.327717353104321, 0.0, 0.0, -0.9052392646516296, -0.749476101156309, 0.532407703022599, 0.12902161912223206, 0.31381479955516456, -0.03769065754681006, 0.9889306628761688, 0.5018385532065346, 0.7406618113233002, -0.03806622763522757, -0.6850475742224952, 0.33386211386860404, -0.04924158930864474, 0.00033969778027471466, 2.1171257492778714, -3.6302594230137384, 1.8291410498403005, 0.04436231912051674, -0.10927395035657966, 0.12027407855219255, -1.2544012715049162, -1.3488129514807725, 0.5452839212502384, 0.7637089061724297, -1.3460485414405254, 0.05316102088363904, -0.06022382379550455, 0.6671613185547641, 0.13876035740306616, 1.210307061615513, 0.5327895316196612, 0.23565866578442868, 1.1670517457685519, 1.7869765751951199, -2.2706948006039243, 0.6444903863651905, 0.6158808083074482, 0.7408091822281935, 0.5525703389229086, -0.054234684271818746, -0.2759175090262335, -0.18434879738371462, 0.4190459157652546, 0.15032189706642154, 0.1298832308416182
1.0958045385975215, 0.14931618180144163, -1.3801160687353613, 1.210705505027374, -0.3560779230403785, 0.126099493180033, -0.822544176554253, -1.166585607578814, 1.1513097022490668, 0.005539089205971026, 0.5259847975294095, 1.764877218607489, -0.3484505904561518, 0.0, 0.0028548936661179983, -0.9132364866545145, -0.8088001045118285, 0.5799215389399576, 0.12747472174455024, 0.3212402738552185, -0.06344531382876545, 1.0441000612938127, 0.5014443024530003, 0.7738487867277937, -0.05514457221958807, -0.7167351692198365, 0.37224722391211496, -0.07423637747506003, 0.0036227737197730373, 2.193461310934574, -3.751885733189061, 1.8872644586083793, 0.059315710557105376, -0.13352088629279182, 0.15805025927148156, -1.3104942646502702, -1.378188875272355, 0.5706122863691744, 0.7825787700316982, -1.3889989164875314, 0.06894966977712604, -0.0868176643064209, 0.7053399427370222, 0.13474165487994433, 1.216224829951408, 0.5542684859496425, 0.25459102635838227, 1.1913753202234794, 1.8394920987076688, -2.3491322054839525, 0.6583935806806916, 0.6219346873276981, 0.7692562442872319, 0.5573796423891956, -0.04681860631619588, -0.2927023877673424, -0.1790433243725297, 0.4282313336960702, 0.14829580239569448, 0.1328768740611764
1.1266932643263845, 0.15298448086145341, -1.425320782667014, 1.2371570293995873, -0.3789215677192522, 0.14936678375622345, -0.8502745051997644, -1.1912695862153235, 1.1703900441316641, 0.013835372028459601, 0.5239137589338765, 1.8254657080664163, -0.3696564429638883, 0.0, 0.009073489759772324, -0.9250702610217749, -0.8667827857955971, 0.6263874159081262, 0.12624959206746655, 0.3316829105298898, -0.09288540216423428, 1.1008819787009492, 0.49906646686129474, 0.8094554249950892, -0.07321754052652604, -0.7483607866447082, 0.41241116872706923, -0.10244096020402911, 0.008866325587195816, 2.2698306746951387, -3.873085716690889, 1.9441348964543912, 0.07634806725862917, -0.16196416543899972, 0.19906047551126096, -1.3685244295910848, -1.4065278058949944, 0.5956217515996908, 0.8015423230247232, -1.432592601273399, 0.0865164885970101, -0.11488445764862511, 0.7454302618240874, 0.13070675787849334, 1.221501353267829, 0.5757359437635152, 0.2738752988274452, 1.2147948705261582, 1.8923499299350655, -2.42841180418729, 0.6718046483092324, 0.6288958567448698, 0.7973005760691406, 0.5624798263931213, -0.03930710985724216, -0.309827840703, -0.1735682258774666, 0.4375947615317824, 0.14571889741227154, 0.1358393230972586
1.1584020926267515, 0.15655431136995454, -1.4717849593611523, 1.2639915734952218, -0.4022532101091044, 0.17399867821332304, -0.8796172631313505, -1.2149228316949185, 1.1873194331976185, 0.025104628340133987, 0.5200095440726545, 1.8874414392039023, -0.3916681766960716, 0.0, 0.01747409555678448, -0.9399563572618741, -0.9229235904184956, 0.6715878277850864, 0.12493087085615384, 0.34534642506925783, -0.124931267900404, 1.158953980867491, 0.4945591758717798, 0.8469912230375463, -0.09174723571900802, -0.7800921896699902, 0.4540516019489835, -0.1329834885107222, 0.015389842712342859, 2.3463834905868874, -3.993946993943618, 1.9999131168665656, 0.09575138836246173, -0.19456867299866992, 0.24266904675530324, -1.4280423160061515, -1.434364063307682, 0.6204488424159257, 0.8205968640817355, -1.4769677382798059, 0.10558229102394473, -0.14442605745236117, 0.7869594344434144, 0.12688164660061405, 1.2266759649494827, 0.597655188962775, 0.2929140827656835, 1.2377205957236528, 1.945600878258329, -2.508451882071922, 0.6850319877950465, 0.6367118471489288, 0.8249467229232592, 0.567836228619935, -0.03172195983725656, -0.3274699510754699, -0.16806316257061868, 0.44737965028448085, 0.14278152100369101, 0.1388734611934706
1.1910495215681096, 0.1599346149681807, -1.5193272780710154, 1.290980605525563, -0.4259764303457452, 0.19990209136851636, -0.910093942677553, -1.2377161821636955, 1.202016662835842, 0.038445425893169974, 0.5148590614057833, 1.9509068903321367, -0.41414621291904113, 0.0, 0.02692134870135442, -0.9571369094672285, -0.9771144646244027, 0.7153934918966158, 0.12325510975189988, 0.3621389597323787, -0.15884745858408575, 1.218260461286751, 0.4880960969564138, 0.8860929226768677, -0.11043231317571771, -0.8120006398088561, 0.4968927188837815, -0.1651575548447348, 0.022909391468593814, 2.4232857180508467, -4.1146451521877125, 2.0545678392888025, 0.11785084338943518, -0.23110120297450898, 0.28828213979882716, -1.488701928064533, -1.461915648410733, 0.6452164679858079, 0.8397066298905154, -1.5220520872548893, 0.12600174813659246, -0.17532896456819655, 0.8296234885468965, 0.12326238507688139, 1.2318955040313564, 0.6202926174240535, 0.311500748122008, 1.2603288841253641, 1.9993412430495654, -2.5893674033022798, 0.698359817483849, 0.6453558815947514, 0.8522290091544462, 0.5733190409530723, -0.024075357294425642, -0.34553282850171974, -0.16257271121172723, 0.4578178633009843, 0.13944113204399014, 0.1419907951979812
1.2247927103488647, 0.16307514671263137, -1.5677408294872557, 1.317878974095663, -0.4499215352844498, 0.22679358715258938, -0.9413680076425673, -1.2596973855818092, 1.214632921058701, 0.053244520873305855, 0.5086526355071488, 2.015903158905641, -0.4368261979378447, 0.0, 0.03676681021261108, -0.9760789818831285, -1.029349786193216, 0.7577604086179597, 0.12111909385062804, 0.38177351973677986, -0.19422717932931263, 1.278812293136748, 0.47990199483928625, 0.9264477089565258, -0.1290897475283165, -0.8440525092555367, 0.5407088163590102, -0.198502617076621, 0.031159702109230906, 2.5006384568706443, -4.235271371049672, 2.107989330674033, 0.14272105619250172, -0.27121386420201415, 0.33542591543797756, -1.5502586733085717, -1.489282914696965, 0.6700241865962432, 0.858804224295816, -1.567756872544394, 0.1476808715175214, -0.2075765185382894, 0.8732485267061302, 0.11984501784078186, 1.2372024689084902, 0.6437251027341654, 0.32960962661204596, 1.2827191411535481, 2.0536712787993334, -2.67126495991827, 0.7118607992455146, 0.6548966009473142, 0.8791603120675717, 0.5788985261083354, -0.016397554424361006, -0.36394762142642983, -0.157129882632098, 0.4690601465642741, 0.13563733448323226, 0.14518383200256976
1.2689553368401452, 0.15396341545054104, -1.6049941905306448, 1.3414653588730479, -0.46781488187750725, 0.2496382736270344, -0.9672998404048411, -1.2774823943273519, 1.2198502891498901, 0.06413725166443365, 0.5040900711116375, 2.067109106688594, -0.4529100803164273, 0.0, 0.043323401711209, -0.9904778676240032, -1.0674388775196413, 0.7898072367315294, 0.11996212092948459, 0.3950127715141876, -0.2221738501670215, 1.3264840169493224, 0.47228177778828706, 0.9564997690623891, -0.1440376858414952, -0.8675116809367398, 0.5753080773558967, -0.22430272935139645, 0.038860758541112594, 2.5602542087814473, -4.326775518297762, 2.1464192174522387, 0.16254181302935405, -0.3049364998726198, 0.3709031746820614, -1.597808862789294, -1.5104968726405048, 0.6901167076849033, 0.8724012006393734, -1.602215395826389, 0.16561667935161675, -0.23452524221102714, 0.908542383855838, 0.11965456223831802, 1.2422053511456808, 0.659983011845433, 0.3427868271351418, 1.3018216400977753, 2.0958103038902074, -2.7369776790872575, 0.7223112787881097, 0.6674006590701147, 0.8990187423801067, 0.5851138292446719, -0.008625625583749026, -0.3775908768900547, -0.1536545835976794, 0.47694509725823736, 0.12843543511530975, 0.1462920466990099
1.2957224826643925, 0.16425485530618555, -1.6585741830073646, 1.3672759922919717, -0.4949671162416078, 0.27816162896285024, -0.9989228675515917, -1.2969810384395546, 1.2308487265383832, 0.08228804580634576, 0.49435379112275285, 2.1357301339487926, -0.47680001751648077, 0.0, 0.052372500533250384, -1.013041986474396, -1.118558850736261, 0.830368064411779, 0.11894041284492747, 0.4201800889569011, -0.2597945254492772, 1.3908126270841812, 0.46220125394091166, 1.0002938294496848, -0.16353741694365947, -0.8995452426672078, 0.6212048694304706, -0.26078087738847205, 0.04695907928740424, 2.638117927008186, -4.448799337999258, 2.19989235220893, 0.1940838272442049, -0.3512512234612413, 0.4194424124557014, -1.6629653048249784, -1.5383083461182425, 0.7161058607319064, 0.8911801280343451, -1.64985993152332, 0.189983361850664, -0.27113659633175224, 0.9549168230694508, 0.11536886390672084, 1.2505389461052323, 0.6877444935644919, 0.35912104631897096, 1.3230971779224392, 2.151706287599852, -2.8221811887295463, 0.7375900369231186, 0.6765997851833205, 0.9265754648895564, 0.5895711791790298, -0.0017610551475206369, -0.3961487097471526, -0.1464341901402377, 0.4910102713824117, 0.12584073569379922, 0.15036959606255473
1.3318132112881358, 0.147205744086948, -1.6703290186063855, 1.375860856703815, -0.5004618389574175, 0.28436426909837537, -1.0111426739162197, -1.3034093341322623, 1.2319844368023019, 0.08657847882734356, 0.494421439341904, 2.1563690122662456, -0.4819378383285997, 0.0, 0.053519458506587056, -1.0181146899034996, -1.1298899933164674, 0.8412848248753149, 0.11857795153035407, 0.42330674734397694, -0.27070151616864874, 1.409068129696231, 0.46004596679240445, 1.010339947658243, -0.1685592942477176, -0.9063277314875656, 0.634885062406188, -0.2694840097428189, 0.05062322408645108, 2.6578796152577415, -4.4804976162245715, 2.2120395916963167, 0.20128305547501693, -0.36415282487057826, 0.43141442221706644, -1.679822045628817, -1.5451318357543244, 0.7236869886915296, 0.89523148534778, -1.6619213364890122, 0.19780289099106554, -0.281276349823023, 0.9667830417797696, 0.1160045014204748, 1.2524467469599532, 0.6928823467674686, 0.3635043509832397, 1.3304576677652455, 2.166075529252125, -2.8476860614262836, 0.7412897249896078, 0.6859062726254067, 0.932659465819352, 0.5918339198544944, 0.0, -0.4009684528674705, -0.14643350997990334, 0.49468191452912036, 0.12166332077503628, 0.14979379151910785
1.351857117960969, 0.1669312494193016, -1.7317848448264908, 1.4060811807951101, -0.5304065075895454, 0.31762771813689195, -1.044358567622731, -1.3231830482258515, 1.2393628126201923, 0.1056896668160939, 0.48388861215781725, 2.227804222188038, -0.5066357232010695, 0.0, 0.06629876339682747, -1.0443817790230778, -1.1804438380346622, 0.8832547210170757, 0.11854189749555456, 0.4515075927225436, -0.3119810888891336, 1.4768729299859529, 0.44873249141610516, 1.0569024990206934, -0.19140447892144363, -0.9389209464402015, 0.6824232654845148, -0.30825152038462594, 0.06221091981342383, 2.7380417543176065, -4.606594127625094, 2.265590502409721, 0.23768885019861, -0.41514768010150277, 0.4824671119235332, -1.750798651369763, -1.5755156697721198, 0.7540128337955245, 0.9150775575555076, -1.712842822465378, 0.2259632103341326, -0.32301353042136377, 1.0181625466742235, 0.11045558934587597, 1.2640713365576521, 0.7250305130455319, 0.3800470260807332, 1.3529799920840588, 2.2239917434300933, -2.9383691468567363, 0.7570007128162152, 0.6956068676074365, 0.9610934938054664, 0.6004864670904637, 0.0, -0.4180880192241471, -0.13820464778940084, 0.5139185875086273, 0.11782370189176969, 0.1533313064733185
1.3889251305986712, 0.1758460137152518, -1.7881675162707158, 1.4336191086118875, -0.5551612816541491, 0.3466974593174378, -1.0806213847899921, -1.3436848891739241, 1.2468995650012176, 0.12555052486429644, 0.47611996255882383, 2.303499509994967, -0.5306562336774026, 0.0, 0.07825499081826738, -1.071485025147878, -1.227086180470641, 0.9231313573367397, 0.11543856547137396, 0.48127349636118527, -0.35605806574160076, 1.5441846338904865, 0.43799278748769715, 1.1035741097386786, -0.21192358286888707, -0.9722990691297215, 0.7305568704395948, -0.3446310815677103, 0.07598836986834447, 2.8182225752405166, -4.7332822424705014, 2.315128900531105, 0.275578290535974, -0.4654233785839672, 0.5352571782065563, -1.8199264686637857, -1.605930458928157, 0.7825278925204864, 0.9344641275449056, -1.7643099488578842, 0.25470358863988635, -0.3633683868212888, 1.068373737327166, 0.10366314901662987, 1.2717056732672563, 0.757846275956375, 0.3977674301077503, 1.3764278186135908, 2.2822256971938737, -3.031109995536325, 0.7712686876440398, 0.7082187587333427, 0.9885706974013596, 0.6096164911721329, 0.0, -0.4378714125250224, -0.1330183534238679, 0.5343515865109246, 0.11407700929130732, 0.15594095398514493
1.4312599764012481, 0.15468502730760994, -1.8008950700658712, 1.4429907311710002, -0.560989132192995, 0.35367266719325335, -1.0934829568568278, -1.3503694797854233, 1.2460634917144005, 0.12996089412259834, 0.4766795389564231, 2.3257357048073297, -0.5361775620081936, 0.0, 0.07888197284328945, -1.0772675735423303, -1.23763921707873, 0.9342124829329188, 0.11507693367119788, 0.48531247264954586, -0.3681403433127531, 1.5630925218992715, 0.4358861813880372, 1.1143623892338252, -0.21771018595763914, -0.9795797158583154, 0.7443862634235245, -0.35400149893645366, 0.08006615525418807, 2.8391581722066372, -4.765375765043245, 2.326005732704659, 0.28351693357560026, -0.48033175314200627, 0.5477502927103862, -1.8373200232650697, -1.613409179515261, 0.7909474496613581, 0.9383387528392658, -1.777111378069916, 0.2635038424566821, -0.37497754446243625, 1.0816238613440072, 0.10411951007386502, 1.2734730470866205, 0.7634064924181849, 0.4016545460555864, 1.385178741664924, 2.2975664195411314, -3.0585722360821963, 0.7745319942585592, 0.7198945034048092, 0.9941719097577815, 0.6129774679721678, 0.0, -0.4422812684088925, -0.1328527143261101, 0.5393491095395578, 0.10854473658937235, 0.15481667352751774
1.4547953259626794, 0.1763302804161187, -1.868236938873111, 1.4736958887375464, -0.5914816076569506, 0.38974427478943324, -1.127171009520912, -1.3692623028390538, 1.2501073094301194, 0.15119847901111708, 0.46487214158824464, 2.4026254171115493, -0.5610301055870675, 0.0, 0.08895661290542789, -1.1068855672138382, -1.2875474471231398, 0.9752523187742477, 0.1148399801372969, 0.5182741151383314, -0.41266392116954725, 1.632673612262913, 0.4229351971885685, 1.1648962008725365, -0.24007679639204968, -1.0119650712312322, 0.7920904280623556, -0.39548589528491995, 0.0920569960639578, 2.9227534527835304, -4.893433486342136, 2.3758621166416165, 0.32477806756263733, -0.5379599278807868, 0.6008203587280038, -1.909950192603356, -1.6456530154565892, 0.8233777835522809, 0.957206713307778, -1.830711953098234, 0.29489913614612356, -0.4214776132445198, 1.137778216675992, 0.09688150003167628, 1.285394678052103, 0.7984624881455843, 0.4163928351802576, 1.4106513839706911, 2.3591504167525916, -3.154617676869545, 0.7904869044973196, 0.731896280500017, 1.0216038551680708, 0.6241930038648975, 0.0010693364208404475, -0.4598464878384101, -0.12511778062866508, 0.5615482430782129, 0.10329327623615221, 0.1579123143707953
1.4999663219809127, 0.1546703704589151, -1.8815685867900638, 1.4819611262955832, -0.5968491817326381, 0.39641518981616025, -1.141318264648523, -1.3762473335499215, 1.2493947090501167, 0.15624147857435136, 0.4651510866520711, 2.426563235474536, -0.5664432494607372, 0.0, 0.08944142120444903, -1.113409476852153, -1.2984625560650602, 0.9861111787501781, 0.11456158634773717, 0.5223759566169732, -0.42578894423756, 1.6523898296451536, 0.4207194020545152, 1.1761954277118256, -0.24562051752795924, -1.0186050338787287, 0.8068129275006285, -0.40500132773250064, 0.09665553781988988, 2.9438196740914364, -4.926358596387628, 2.3867905898395234, 0.3341037229805183, -0.5535757365985623, 0.613198732683941, -1.9285503613483665, -1.6536595735099187, 0.832223901531345, 0.9610546274442922, -1.8439440785813546, 0.30456226582203383, -0.43383004821277144, 1.1512946540028108, 0.09708921307849486, 1.2879209363383406, 0.8048298231213271, 0.41979289948128173, 1.4191549634262368, 2.37516426222383, -3.1837306885417553, 0.7937692850192297, 0.74460839590525, 1.0273623796883389, 0.6276268141989699, 0.004884508419329474, -0.4661368445482311, -0.12567207124508725, 0.5661503231700216, 0.09849829804522892, 0.1570988951603376
1.523047771056827, 0.17919266172691484, -1.9490841841108522, 1.5131394813691421, -0.6274671278831849, 0.43485460965017825, -1.177297388253961, -1.3964285617689514, 1.2549471950534976, 0.17928966856868278, 0.4474472193299818, 2.506728682832659, -0.5925152292724103, 0.0, 0.10055342434699036, -1.1432383593438944, -1.3481781939538366, 1.0272129572034454, 0.11520065353212652, 0.5581499268934835, -0.4717104387747314, 1.7247296705302735, 0.40534667112702294, 1.226455726803997, -0.26711395000565247, -1.049986162421543, 0.8568851204520422, -0.44719511769326187, 0.10945797084176714, 3.0295278593412385, -5.056370066123736, 2.4379397082138405, 0.3796443387556735, -0.6146878705329583, 0.6687470424703167, -2.0023989255334946, -1.6874713489718458, 0.8651413890911753, 0.9790029509523995, -1.8990626701825781, 0.33829637282033537, -0.4847003025374809, 1.2103755858504395, 0.08991585764039046, 1.3000793443416623, 0.8413024560525839, 0.4360793846316211, 1.4428964723209619, 2.437352051839932, -3.2826190846206984, 0.8108178907633162, 0.7570776202179023, 1.0550635239923951, 0.6364055400457183, 0.009908700053978207, -0.48609319908031595, -0.11763296058029958, 0.588299662169256, 0.09380381573369394, 0.1610524034276747
1.5710212634797511, 0.15581275624928675, -1.9623071708089013, 1.5211539678180366, -0.6328480631535116, 0.4416964674581739, -1.191756379341192, -1.4035643900205306, 1.2537158056417934, 0.18461674043179302, 0.44688912416201504, 2.531951613671786, -0.5985792687460939, 0.0, 0.100364205948981, -1.1498820723497505, -1.3590732484119556, 1.0380145757791095, 0.11509502495789202, 0.5625178487097305, -0.48521588065175614, 1.7451463977920862, 0.4030439059991642, 1.2377924100833118, -0.272758144348042, -1.0566518133353993, 0.8721106053965008, -0.4569715886564208, 0.114073260831859, 3.051141177482031, -5.089740954834044, 2.4487813230566244, 0.3897213414122445, -0.6314053034163153, 0.681559699124985, -2.021120978346874, -1.6957755214065608, 0.8742969782737435, 0.9828697816435221, -1.9125426301079234, 0.34843698288382174, -0.4980086138318046, 1.2246892818056694, 0.09032364678718428, 1.3022728468261737, 0.847542451924397, 0.43978153358856936, 1.4514819810767132, 2.4534575024835115, -3.31271822362852, 0.8143485845168568, 0.770864763639973, 1.0610685266010917, 0.6395707767778909, 0.014777522770336062, -0.4924549606299023, -0.11820773698250052, 0.5927110178357851, 0.08868206733983541, 0.1601212694769427
1.5943855296438636, 0.1822702988849932, -2.0308397587562164, 1.5517248662273013, -0.6637169586739764, 0.4804151312975503, -1.2273094391988515, -1.42292437091506, 1.2592672755382832, 0.20938998807944234, 0.4246805984298854, 2.61654460708259, -0.625387913137739, 0.0, 0.11022214758429257, -1.1798287782028338, -1.408863495060409, 1.0782483337773812, 0.11608272644695934, 0.5999923963691879, -0.5319787859471181, 1.8198001452732342, 0.38658514779844866, 1.288128778478551, -0.293869094429318, -1.0874208611612484, 0.923658911429739, -0.5001638118320098, 0.12673080341543236, 3.1380374922758025, -5.222256900255722, 2.499910412202337, 0.43889912945028386, -0.6968004107359096, 0.7380982189059214, -2.094867575603839, -1.7304528370194139, 0.9076296517603465, 1.0004106723661705, -1.968572209413221, 0.3835984301695355, -0.5518533437280774, 1.28624789411476, 0.08373920990088642, 1.3141295641675752, 0.8845405858968705, 0.45753646904382844, 1.4752427793964626, 2.5159738710115964, -3.4141607268151044, 0.8326628597494448, 0.7838618832193939, 1.0883097027840294, 0.6476393624787876, 0.020917459458280947, -0.5125469502543796, -0.11014095661642871, 0.6156529355021433, 0.0840080446751824, 0.1635436986248892
1.6455770216511738, 0.15699882458872702, -2.043805577984204, 1.5594522979327943, -0.6687177993017193, 0.4872094786619059, -1.2420694692741199, -1.430266362037687, 1.2576518055286185, 0.2148995530157776, 0.4232727098884015, 2.642977156577355, -0.6317066802270834, 0.0, 0.10972599046507525, -1.1863202352705928, -1.4196344617799295, 1.0888970518585799, 0.11613622001441626, 0.6042920471586571, -0.5459842057714516, 1.8408327008273961, 0.3843374372801872, 1.299369756038405, -0.29953123226528067, -1.0938958833729064, 0.9393618529353357, -0.5099936934678944, 0.13151728572848836, 3.16020837728132, -5.256241536555559, 2.5106148271996225, 0.4498984601447755, -0.7144133803087285, 0.7508032552461582, -2.113710430622385, -1.7390598548991683, 0.917011504274121, 1.0041874394486605, -1.9822808943732884, 0.39403667440029716, -0.5659839158929724, 1.3009093396348674, 0.08449787596667237, 1.3163301373304033, 0.8905412649465989, 0.4612682354260932, 1.4839492765774687, 2.5324448691044115, -3.445137740140929, 0.8361258328312932, 0.7989652379534458, 1.0941518974076343, 0.6509111853043131, 0.02616113190664892, -0.5188899788434292, -0.11077136691170014, 0.6203323007878496, 0.0786395254130881, 0.16238529262237153
1.7242386166523043, 0.12338513303397627, -2.0782994754672734, 1.5866255905886082, -0.6810277155740524, 0.513589010163068, -1.26523963440597, -1.4452057982821223, 1.248797036085611, 0.22436355760913274, 0.41221294467609837, 2.6907413516387297, -0.6412486687686559, 0.0, 0.11181277888853554, -1.196956060844615, -1.4454393043638554, 1.112146677521864, 0.1196115230392609, 0.6128537607919798, -0.5710318194856066, 1.8841130210200554, 0.37581770206514337, 1.322474139199972, -0.31127958777866355, -1.1058032401072413, 0.9687032536781182, -0.5323458754738781, 0.14081712728192813, 3.2105453649239557, -5.324857058619851, 2.533497364119822, 0.4735932721398541, -0.7516854172511489, 0.7761024714330581, -2.152255464486297, -1.7585537635937816, 0.9381074777287277, 1.0100067581893426, -2.008941108891371, 0.4141758966029855, -0.5993906103695201, 1.3365609652856072, 0.08929525956068769, 1.3272568773801494, 0.9017726724449503, 0.4687467860117984, 1.503827413172641, 2.5677328045349763, -3.506313594385786, 0.8410848519655767, 0.8245857247229711, 1.104970371176093, 0.6606657018564186, 0.03729824312491908, -0.526963839473684, -0.10840400842283533, 0.6288876722944644, 0.06277763145970891, 0.15947003548338695
1.7588809844053308, 0.11095221839226616, -2.0983250707267436, 1.5980693187426667, -0.6906153321714238, 0.5266729214050124, -1.2760891049231795, -1.4515250982623762, 1.2439242451440953, 0.2299981533973623, 0.4053135024620856, 2.7155938716575725, -0.6458444364591216, 0.0, 0.11192174345057328, -1.2023064215637826, -1.4596765796882445, 1.123675874085133, 0.12250704568815353, 0.6176672923912111, -0.5833547759533113, 1.9063704036839626, 0.37203420332179654, 1.3342398991732616, -0.31929588715056634, -1.1120336251448832, 0.9840487209673016, -0.5449116123208354, 0.1433710130449008, 3.234827354441827, -5.359445954840468, 2.5457240343709833, 0.48540033713030617, -0.772431765647871, 0.7878956135647887, -2.1714977517715366, -1.7686368900137504, 0.9490722830138874, 1.012153140985904, -2.022482004675406, 0.42488854409282817, -0.6169155752415126, 1.354773093729088, 0.09103800017106575, 1.3340227599337209, 0.9085971320583215, 0.47153894127503154, 1.514356100694229, 2.5854828006462025, -3.537361884181955, 0.8459985845052427, 0.8372677801381989, 1.1108068189562874, 0.6644899919288704, 0.04181836258918423, -0.5308559168258634, -0.10568983557396414, 0.6335142128524437, 0.055628271044062004, 0.15815326456121237
1.7918194640058616, 0.10068109090936109, -2.119197565425403, 1.6090513863351177, -0.7008092032607214, 0.5400634399860398, -1.2871526911762963, -1.4574342670957148, 1.2398061729420533, 0.2361209327988692, 0.3976838838955857, 2.7413528403577256, -0.6512105037185675, 0.0, 0.11116471938330824, -1.2082918960370082, -1.4745594236525126, 1.1351130511023204, 0.1257198959963132, 0.6224571235334799, -0.5960505586350395, 1.929271412804783, 0.36860578602195354, 1.3467603844760878, -0.3272370161653194, -1.1180613081899116, 0.9999947159401521, -0.5576039390313073, 0.1459042351770803, 3.2589516271220114, -5.394774128052431, 2.558768457171583, 0.4983457842730073, -0.7933649361245327, 0.7992691017176128, -2.1918560752808176, -1.7790443624953234, 0.9604710783517552, 1.014420511976526, -2.0366049550183996, 0.43554101121755573, -0.6349652279258681, 1.3732875338079886, 0.0924783723300491, 1.3414427574209853, 0.9159671210369275, 0.47340113963761177, 1.5244923303881084, 2.6034011577679306, -3.5693658884111357, 0.8514138724634002, 0.8493316093909203, 1.1172803479645756, 0.6686373947681515, 0.046579887649400575, -0.5342879473088062, -0.10287167583738267, 0.6388467014654065, 0.049239030572438953, 0.15712712709590884
1.8553420780140384, 0.08494184258324572, -2.1620985157511527, 1.6300181291595133, -0.719917429689005, 0.565658465096074, -1.3102266409493137, -1.4687774322697404, 1.233876282422346, 0.2502586199856854, 0.38054032129865273, 2.7959441932793148, -0.6622462082265629, 0.0, 0.1091681952670399, -1.2200798746886519, -1.5051984170875807, 1.1578500355153132, 0.13306363970515042, 0.6313162267136591, -0.6224003002134785, 1.9767289233688814, 0.3617309047250537, 1.3722244275598245, -0.34185933958884535, -1.129117946526137, 1.0330711913642516, -0.5826187999114989, 0.15178618063561217, 3.306963211068562, -5.467326417858811, 2.586288737945017, 0.5272028949836141, -0.8339146747814875, 0.8209164869402978, -2.2343571457458564, -1.8006657262355026, 0.9835277068282627, 1.0186958775915076, -2.0653529621021627, 0.45724612857368613, -0.6716747592435776, 1.4098109393367, 0.09452968750630926, 1.358205948177318, 0.933184638374554, 0.476890308548318, 1.5427384998428817, 2.63936049657338, -3.6351279601047164, 0.8613173455239547, 0.8715858853950482, 1.130146036061112, 0.6755916828720047, 0.055256658277057, -0.5412505890120091, -0.09738368602401967, 0.651963105348096, 0.03823637014349054, 0.15542863462286538
1.8864273836167427, 0.07905030127953248, -2.184026897325409, 1.640513017276187, -0.7291303880087022, 0.5776594410518483, -1.3222858155511783, -1.4745400043571764, 1.2314211627680756, 0.2580386373920321, 0.37101814665544897, 2.824240277212708, -0.667707508071646, 0.0, 0.10841972577651948, -1.2255342247864658, -1.5207055421326405, 1.1694074728448098, 0.13734773110953002, 0.6354690772230978, -0.6361277236296441, 2.000907582489918, 0.3582005511799423, 1.3845622118683178, -0.34932526478389553, -1.134526728961415, 1.0500417226537069, -0.5950471170876651, 0.15495353286382532, 3.330880700884405, -5.504425086723175, 2.6003820061636986, 0.5423686875742675, -0.8537311253126572, 0.8316816012526504, -2.255798679924171, -1.811785150457991, 0.9952434334092968, 1.020556098326692, -2.080018849829873, 0.468434090559889, -0.6905133899448106, 1.4278420452296194, 0.09514812813326533, 1.3669396854777398, 0.9428835691773246, 0.47911263266990745, 1.5511952510804865, 2.657317368474809, -3.6684197294974887, 0.8667653091197433, 0.8825094188100719, 1.1368006683328038, 0.6785746829590875, 0.058753394043089296, -0.5453864163678768, -0.09502717555790444, 0.6596451022885974, 0.033300627854269, 0.15462275207979218
1.9167703797477706, 0.07418842420202017, -2.206139735222282, 1.6510547600063974, -0.738556337240621, 0.5896547535903649, -1.3345746540626235, -1.4804043505164972, 1.2290861425642272, 0.26610764146797394, 0.36104547269953924, 2.853218764554604, -0.6735686121677847, 0.0, 0.10778119477154295, -1.23102632551571, -1.5363131922297728, 1.1812681015432978, 0.14207477066107807, 0.6396425914653506, -0.6501887451263749, 2.0253416783198834, 0.35473422346885225, 1.396963474656266, -0.35697506236759324, -1.1400346023627932, 1.067325502171339, -0.6074714517699684, 0.1583472388341596, 3.3549668725214943, -5.542175942555063, 2.61460021209813, 0.5579669984728499, -0.8734277651286309, 0.8427228383085957, -2.2775424013336725, -1.8230858714691782, 1.0073156800096628, 1.0224671755444448, -2.0950263428863605, 0.479715760739291, -0.7097707665785473, 1.4461485810458137, 0.09545293045681977, 1.3756685700377267, 0.953028376547073, 0.4816625296830187, 1.5594194917058923, 2.675049054426849, -3.7021121475445002, 0.8724694763537223, 0.893211016705641, 1.143898187180262, 0.6817210226744662, 0.06208963264957047, -0.5496414536840841, -0.09286001872060597, 0.6678096024144298, 0.028606905310850056, 0.15388617116438377
1.9464870673458257, 0.07004724876806277, -2.2284025695735763, 1.6617196181961322, -0.7481599883595201, 0.6017292376726118, -1.3469438696604707, -1.4862394040790776, 1.2268666596071345, 0.2744161836397792, 0.3506035064763596, 2.8828244484280665, -0.6799292657684377, 0.0, 0.10699868141438278, -1.236619257270565, -1.5520327024701035, 1.1933615152937356, 0.14713103755648868, 0.6438429880628287, -0.6645154999852909, 2.0500054157317016, 0.3513348604621466, 1.4094388407166678, -0.36471420302736035, -1.1456132612123135, 1.084870653309469, -0.6199089993360039, 0.16193764295974933, 3.3792780838530323, -5.58052191249251, 2.6288334916198526, 0.5739182506256953, -0.8931057699115778, 0.8539931607632173, -2.299518877354654, -1.8345487626106964, 1.0196705641870483, 1.0244569882267138, -2.110284734784876, 0.49104319021389303, -0.7293810591199805, 1.4647656080080207, 0.09544539051149681, 1.3843677405463684, 0.9635685926850885, 0.48457419838346444, 1.5675493684281367, 2.6925615315253655, -3.7362276242142882, 0.8783554337594258, 0.9036622562714631, 1.1511758479306677, 0.6849403913558757, 0.06539374237184031, -0.5539436582578715, -0.0907590787389828, 0.6763607798493791, 0.024056786649618078, 0.15317388221452768
1.975823653905119, 0.06643988829718478, -2.2507983823693936, 1.6725053311793026, -0.7578604778533152, 0.6137826360059031, -1.3593395375912325, -1.4920022030423155, 1.2247970928697582, 0.28298595650004765, 0.3397599516395224, 2.9131308606877284, -0.6867101002314779, 0.0, 0.10600239041246556, -1.2422865192039014, -1.5678395080165046, 1.205659555199961, 0.15245331078075583, 0.648047417542045, -0.67907064060144, 2.0749346280812064, 0.34805042880288584, 1.4220034516978532, -0.3724886121957958, -1.151249798425907, 1.1026420529863878, -0.6323804550464639, 0.1657142292757213, 3.4038228910468558, -5.6193775197606834, 2.64308504707107, 0.5901748439941814, -0.9128261594723465, 0.8654555983795553, -2.3216261839728447, -1.8461425945788206, 1.0322454115178945, 1.0264854378742372, -2.1257079142375597, 0.5024379927590172, -0.7492695215230011, 1.4836532033905205, 0.09511529590809538, 1.3929870324742697, 0.9744891224355776, 0.4878769146134778, 1.5756745541603876, 2.709889919110262, -3.7707393142212755, 0.88439087604525, 0.9139342428476063, 1.1585469769836534, 0.6881514353502695, 0.06864845842680467, -0.5583118585277603, -0.08872037945755304, 0.6852607576635324, 0.01963498130566461, 0.15241950065076823
2.0049647758608105, 0.06322670544755012, -2.273333408570572, 1.683371070090562, -0.7676142616542593, 0.6256807777007217, -1.3717387082763195, -1.4977127206390997, 1.222835830698513, 0.29181410072311115, 0.3285530001581782, 2.944145721825057, -0.6937974515086341, 0.0, 0.10482340170954886, -1.248008280271076, -1.5837499011497789, 1.218134485681551, 0.15801859881899416, 0.6522500537388133, -0.6938307371763579, 2.1000927096125865, 0.34489011235204237, 1.4346546144867718, -0.38030889093494236, -1.1569428450052734, 1.1205896424853612, -0.6449214544090589, 0.16964882666914866, 3.428580681233273, -5.658707629019112, 2.6573403680125223, 0.606696484907337, -0.9326397150875558, 0.8770756282763754, -2.343792208600592, -1.8578632363362004, 1.0450015832848316, 1.0285317265648497, -2.1412403687982744, 0.5139088633543472, -0.7693793776420746, 1.5027904665452498, 0.09448741524388261, 1.4014955993786682, 0.9857499543755435, 0.4915430787275674, 1.5838775570887385, 2.7270896543938243, -3.8056040327605416, 0.8905578548851721, 0.924096199012777, 1.1659951414653928, 0.6913471439374911, 0.07182141637856385, -0.562756104593618, -0.08676305876855597, 0.6944768113219417, 0.015332027163429665, 0.15158330923419733
