0.0, 0.0, 0.0, 0.0, 0.0, 0.0, 0.0, 0.0, 0.0, 0.0, 0.0, 0.0, 0.0, 0.0, 0.0, 0.0, 0.0, 0.0, 0.0, 0.0, 0.0, 0.0, 0.0, 0.0, 0.0, 0.0, 0.0, 0.0, 0.0, 0.0, 0.0, 0.0, 0.0, 0.0, 0.0, 0.0, 0.0, 0.0, 0.0, 0.0, 0.0, 0.0, 0.0, 0.0, 0.0, 0.0, 0.0, 0.0, 0.0, 0.0, 0.0, 0.0, 0.0, 0.0, 0.0, 0.0, 0.0, 0.0, 0.0, 0.0
0.0, 0.0, 0.0, 0.0, 0.0, 0.0, 0.0, 0.0, 0.0, 0.0, 0.05045188684177114, 0.0, 0.0, 0.0, 0.0, 0.0, 0.0, 0.0, 0.0, 0.0, 0.0, 0.0, 0.0, 0.0, 0.0, 0.0, 0.0, 0.0, 0.0, 0.0, 0.0, 0.0, 0.0, 0.0, 0.0, 0.0, 0.0, 0.0, 0.0, 0.0, 0.0, 0.0, 0.0, 0.0, 0.0, 0.0, 0.0, 0.0, 0.0, 0.0, 0.0, 0.0, 0.0, 0.0, 0.0, 0.0, 0.0, 0.0, 0.0, 0.0
0.0, 0.0, 0.0, 0.0, 0.0, 0.0, 0.0, 0.0, 0.0, 0.0, 0.098741363074373575, 0.0, 0.0, 0.0, 0.0, 0.0, 0.0, 0.0, 0.0, 0.0, 0.0, 0.0, 0.0, 0.0, 0.0, 0.0, 0.0, 0.0, 0.0, 0.0, 0.0, 0.0, 0.0, 0.0, 0.0, 0.0, 0.0, 0.0, 0.0, 0.0, 0.0, 0.0, 0.0, 0.0, 0.0, 0.0, 0.0, 0.0, 0.0, 0.0, 0.0, 0.0, 0.0, 0.0, 0.0, 0.0, 0.0, 0.0, 0.0, 0.0
0.0, 0.0, 0.0, 0.0, 0.0, 0.0, 0.0, 0.0, 0.0, 0.0, 0.14521496834840583, 0.0, 0.0, 0.0, 0.0, 0.0, 0.0, 0.0, 0.0, 0.0, 0.0, 0.0, 0.0, 0.0, 0.0, 0.0, 0.0, 0.0, 0.0, 0.0, 0.0, 0.0, 0.0, 0.0, 0.0, 0.0, 0.0, 0.0, 0.0, 0.0, 0.0, 0.0, 0.0, 0.0, 0.0, 0.0, 0.0, 0.0, 0.0, 0.0, 0.0, 0.0, 0.0, 0.0, 0.0, 0.0, 0.0, 0.0, 0.0, 0.0
0.0, 0.0, 0.0, 0.0, 0.0, 0.0, 0.0, 0.0, 0.0, 0.0, 0.18732544719967698, 0.0, 0.0, 0.0, 0.0, 0.0, 0.0, 0.0, 0.0, 0.0, 0.0, 0.0, 0.0, 0.0, 0.0, 0.0, 0.0, 0.0, 0.0, 0.0, 0.0, 0.0, 0.0, 0.0, 0.0, 0.0, 0.0, 0.0, 0.0, 0.0, 0.0, 0.0, 0.0, 0.0, 0.0, 0.0, 0.0, 0.0, 0.015870220285622079, 0.0, 0.0, 0.0, 0.0, 0.0, 0.0, 0.0, 0.0, 0.0, 0.0, 0.0
0.0, 0.0, 0.0, 0.0, 0.0, 0.0, 0.0, 0.0, 0.0, 0.0, 0.21962163880620786, 0.0077766564071002752, 0.0, 0.0, 0.0, 0.0, 0.0, 0.0, 0.0, 0.0, 0.0, 0.0, 0.0, 0.0, 0.0, 0.0, 0.0, 0.0, 0.0, 0.0, 0.0, 0.0, 0.0, 0.0, 0.0, 0.0, 0.0, 0.0, 0.0, 0.0, 0.0, 0.0, 0.0, 0.0, 0.0, 0.0, 0.0, 0.0, 0.049733137462952527, 0.0, 0.0, 0.0, 0.0, 0.0, 0.0, 0.0, 0.0, 0.0, 0.0, 0.0
0.0, 0.0, 0.0, 0.0, 0.0, 0.0, 0.0, 0.0, 0.0, 0.0, 0.23885481015916027, 0.029480746736582901, 0.0, 0.0, 0.0, 0.0, 0.0, 0.0, 0.0, 0.0, 0.0, 0.0, 0.0, 0.0, 0.0, 0.0, 0.0, 0.0, 0.0, 0.0, 0.0, 0.0, 0.0, 0.0, 0.0, 0.0, 0.0, 0.0, 0.0, 0.0, 0.0, 0.0, 0.0, 0.0, 0.018439905322314126, 0.0, 0.0, 0.0, 0.073363175108062006, 0.0, 0.0, 0.0, 0.0, 0.0, 0.0, 0.0, 0.0, 0.0, 0.0, 0.0
0.0, 0.0, 0.0, 0.0, 0.0, 0.0, 0.0, 0.0, 0.0, 0.0, 0.25746126556953197, 0.050210673591258609, 0.0, 0.0, 0.0, 0.0, 0.0, 0.0, 0.0, 0.0, 0.0, 0.0, 0.0, 0.0, 0.0, 0.0, 0.0, 0.0, 0.0, 0.0, 0.0, 0.0, 0.0, 0.0, 0.0, 0.0, 0.0, 0.0, 0.0, 0.0, 0.0, 0.0, 0.0, 0.0, 0.037830379375745182, 0.0, 0.0, 0.0, 0.095066326186113548, 0.0, 0.0, 0.0, 0.0, 0.0, 0.0, 0.0, 0.0, 0.0, 0.0, 0.0
0.0, 0.0, 0.0, 0.0, 0.0, 0.0, 0.0, 0.0, 0.0, 0.0, 0.27408749145715272, 0.065261866628401749, 0.0, 0.0, 0.0, 0.0, 0.0, 0.0, 0.0, 0.0, 0.0, 0.0, 0.0, 0.0, 0.0, 0.0, 0.0, 0.0, 0.0, 0.0, 0.0, 0.0, 0.0, 0.0, 0.0, -0.02455478049076781, 0.0, 0.0, 0.0, 0.0, 0.0, 0.0, 0.0, 0.0, 0.06324626378946234, 0.0, 0.0, 0.0, 0.11472696450601227, 0.0, 0.0, 0.0, 0.0, 0.0, 0.0, 0.0, 0.0, 0.0, 0.0, 0.0
0.0, 0.0, 0.0, 0.0, 0.0, 0.0, 0.0, 0.0, 0.0, 0.0, 0.29002262278321256, 0.077150818260910581, 0.0, 0.0, 0.0, 0.0, 0.0, 0.0, 0.0, 0.0, 0.0, 0.0, 0.0, 0.0, 0.0, 0.0, 0.0, 0.0, 0.0, 0.0, 0.0, 0.0, 0.0, 0.0, 0.0, -0.059676198635256437, 0.0, 0.0, 0.0, 0.0, 0.0, 0.0, 0.0, 0.0, 0.091037797612290097, 0.0, 0.0, 0.0, 0.13279128263520373, 0.0, 0.0, 0.0011397199923449011, 0.0, 0.0, 0.0, 0.0, 0.0, 0.0, 0.0, 0.0
0.0, 0.0, 0.0, 0.0, 0.0, 0.0, 0.0, 0.0, 0.0, 0.0, 0.30456351012344535, 0.088183738650119914, 0.0, 0.0, 0.0, 0.0, 0.0, 0.0, 0.0, 0.0, 0.0, 0.0, 0.0, 0.0, 0.0, 0.0, 0.0, 0.0, 0.0, 0.0, 0.0, 0.0, 0.0, 0.0, 0.0, -0.093355750726622444, 0.0, 0.0, 0.0, 0.0, 0.0, 0.0, 0.0, 0.0, 0.11502033815859106, 0.0, 0.0, 0.0, 0.14768123995357896, 0.0, 0.0, 0.01750384574682709, 0.0, 0.0, 0.0, 0.0, 0.0, 0.0, 0.0, 0.0
0.0, 0.0, 0.0, 0.0, 0.0, 0.0, 0.0, 0.0, 0.0, 0.0, 0.31876429934662331, 0.098790181210417549, 0.0, 0.0, 0.0, 0.0, 0.0, 0.0, 0.0, 0.0, 0.0, 0.0, 0.0, 0.0, 0.0, 0.0, 0.0, 0.0, 0.0, 0.0, 0.0, 0.0, 0.0, 0.0, 0.0, -0.12583473753395438, 0.0, 0.0, 0.0, 0.0, 0.0, 0.0, 0.0, 0.0, 0.13860570423600366, 0.0, 0.0, 0.0, 0.16195505958165674, 0.0, 0.0, 0.033647616662753413, 0.0, 0.0, 0.0, 0.0, 0.0, 0.0, 0.0, 0.0
0.0, 0.0, 0.0, 0.0, 0.0, 0.0, 0.0, 0.0, 0.0, 0.0, 0.32882337237751302, 0.10982837917062824, 0.0, 0.0, 0.0, 0.0, 0.0, 0.0, 0.0, 0.0, 0.011856363507236204, 0.0, 0.0, 0.0, 0.0, 0.0, 0.0, 0.0, 0.0, 0.0, 0.0, 0.0, 0.0, 0.0, 0.0, -0.15506630977443678, 0.0, 0.0, 0.0, 0.0, 0.0, 0.0, 0.0, 0.0, 0.16245829393647823, 0.0, 0.0, 0.0, 0.17696846977461275, 0.0, 0.0, 0.049701659071979355, 0.0, 0.0, 0.0, 0.0, 0.0, 0.0, 0.0, 0.0
0.0, 0.0, 0.0, 0.0, 0.0, 0.0, 0.0, 0.0, 0.0, 0.0, 0.3359157470623127, 0.12131294821678046, 0.0, 0.0, 0.0, 0.0, 0.0, 0.0, 0.0, 0.0, 0.032330199450631869, 0.0, 0.0, 0.0, 0.0, 0.0, 0.0, 0.0, 0.0, 0.0, 0.0, 0.0, 0.0, 0.0, 0.0, -0.18151773663852874, 0.0, 0.0, 0.0, 0.0, 0.0, 0.0, 0.0, 0.0, 0.18644541821353791, 0.0, 0.0, 0.0, 0.19235305962455729, 0.0, 0.0, 0.065639939400262373, 0.0, 0.0, 0.0, 0.0, 0.0, 0.0, 0.0, 0.0
0.0, 0.0, 0.0, 0.0077703730984992787, 0.0, 0.0, 0.0, 0.0, 0.0, 0.0, 0.34100062388744862, 0.13263696058813898, 0.0, 0.0, 0.0, 0.0, 0.0, 0.0, 0.0, 0.0, 0.051248172187439177, 0.0, 0.0, 0.0, 0.0, 0.0, 0.0, 0.0, 0.0, 0.0, 0.0, 0.0, 0.0, 0.0, 0.0, -0.20822739847663388, 0.0, 0.0, 0.0, 0.0, 0.0, 0.0, 0.0, 0.0, 0.21121288328776122, 0.0, 0.0, 0.0, 0.20670539452507833, 0.0, 0.0, 0.078506147862760084, 0.0, 0.0, 0.0, 0.0, 0.0, 0.0, 0.0, 0.0
0.0, 0.0, 0.0, 0.01962721920174278, 0.0, 0.0, 0.0, 0.0, 0.0, 0.0, 0.34524750884768474, 0.14361297377416918, 0.0, 0.0, 0.0, 0.0, 0.0, 0.0, 0.0, 0.0, 0.068895499253386741, 0.0, 0.0, 0.0, 0.0, 0.0, 0.0, 0.0, 0.0, 0.0, 0.0, 0.0, 0.0, 0.0, 0.0, -0.23477611442731722, 0.0, 0.0, 0.0, 0.0, 0.0, 0.0, 0.0, 0.0, 0.23643282186741116, 0.0, 0.0, 0.0, 0.22008649383465295, 0.0, 0.0, 0.089504153119650265, 0.0, 0.0, 0.0, 0.0, 0.0, 0.0, 0.0, 0.0
0.0, 0.0, 0.0, 0.031304685191089601, 0.0, 0.0, 0.0, 0.0, 0.0, 0.0, 0.34953184716953234, 0.15429493305880954, 0.0, 0.0, 0.0, 0.0, 0.0, 0.0, 0.0, 0.0, 0.084632095663749185, 0.0014289221553674377, 0.0, 0.0, 0.0, 0.0, 0.0, 0.0, 0.0, 0.0, 0.0, 0.0, 0.0, 0.0, 0.0, -0.26044989801479657, 0.0, 0.0, 0.0, 0.0, 0.0, 0.0, 0.0, 0.0, 0.26072759386347982, 0.0, 0.0, 6.3039143774737318e-06, 0.23159537637247254, 0.0, 0.005455901338162642, 0.098016215486191646, 0.0, 0.0, 0.0, 0.0, 0.0, 0.0, 0.0, 0.0
0.0, 0.0, 0.0, 0.043213005799301915, 0.0, 0.0, 0.0, 0.0, 0.0, 0.0, 0.35417150334388348, 0.16393438246016701, 0.0, 0.0, 0.0, 0.0, 0.0, 0.0, 0.0, 0.0, 0.093488037117056458, 0.013086167250538508, 0.0, 0.0, 0.0, 0.0, 0.0, 0.0, 0.0, 0.0, 0.0, 0.0, 0.0, 0.0, 0.0, -0.28578300640206022, 0.0, 0.0, 0.0, 0.0, 0.0, 0.0, 0.0, 0.0093488935561212207, 0.27820985286400535, 0.0, 0.0, 0.0039190381731391182, 0.23944092285928517, 0.0, 0.011005371470755159, 0.10699283683153504, 0.0, 0.0, 0.0, 0.0, 0.0, 0.0, 0.0, 0.0
0.0, 0.0, 0.0, 0.055143723279044599, 0.0, 0.0, 0.0, 0.0, 0.0, 0.0, 0.35928306239249724, 0.17226608632304125, 0.0, 0.0, 0.0, 0.0, 0.0, 0.0, 0.0, 0.0, 0.10179249819033456, 0.024490608718430493, 0.0, 0.0, 0.0, 0.0, 0.0, 0.0, 0.0, 0.0, 0.0, 0.0, 0.0, 0.0, 0.0, -0.31247029437823454, 0.0, 0.0, 0.0, 0.0, 0.0, 0.0, 0.0, 0.030970013875388721, 0.28618597177173388, 0.0, 0.0, 0.0077754369713295716, 0.24674721267679681, 0.0, 0.017070903779325873, 0.11645963622315217, 0.0, 0.0, 0.0, 0.0, 0.0, 0.0, 0.0, 0.0
0.0, 0.0, 0.0, 0.066570264147405162, 0.0, 0.0, 0.0, 0.0, 0.0, 0.0, 0.36506114845782067, 0.17971643305684973, 0.0, 0.0, 0.0, 0.0, 0.0, 0.0, 0.0, 0.0, 0.11005739127808531, 0.035099094447179867, 0.0, 0.0, 0.0, 0.0, 0.0, 0.0, 0.0, 0.0, 0.0, 0.0, 0.0, 0.0, 0.0, -0.33926663705390597, 0.0, 0.0, 0.0, 0.0, 0.0, 0.0, 0.0, 0.053672698279787726, 0.29321957225137535, 0.0, 0.0, 0.011401502112127506, 0.25366883952596775, 0.0, 0.023633878683395629, 0.12588111463331686, 0.0, 0.0, 0.0, 0.0, 0.0, 0.0, 0.0, 0.0
0.0, 0.0, 0.0, 0.079433707891084337, 0.0, 0.0, 0.0, 0.0, 0.0, 0.0, 0.37479000835865178, 0.18747863183015182, 0.0, 0.0, 0.0, -0.019574847560716844, 0.0, 0.0, 0.0, 0.0, 0.12377270004418631, 0.046117199692178062, 0.0, 0.0, 0.0, 0.0, 0.0, 0.0, 0.0, 0.0, 0.0, 0.0, 0.0, 0.0, 0.0, -0.36514603379146704, 0.0, 0.0, 0.0, 0.0, 0.0, 0.0, 0.0, 0.073101535385764346, 0.29973290604509228, 0.0, 0.0, 0.012917149028133583, 0.26189336078698916, 0.0, 0.032842190395485707, 0.13560579013553875, 0.0, 0.0, 0.0, 0.0, 0.0, 0.0, 0.0, 0.0
0.0, 0.0, 0.0, 0.093461180589597598, 0.0, 0.0, 0.0, 0.0, 0.0, 0.0, 0.38732449667738456, 0.19562750266386833, 0.0, 0.0, 0.0, -0.054955433951898384, 0.0, 0.0, 0.0, 0.0, 0.14182727522240263, 0.057683743718209064, 0.0, 0.0, 0.0, 0.0, 0.0, 0.0, 0.0, 0.0, 0.0, 0.0, 0.0, 0.0, 0.0, -0.39044589419345532, 0.0, 0.0, 0.0, 0.0, 0.0, 0.0, 0.0, 0.090053195342394837, 0.30617020008870394, 0.0, 0.0, 0.012287817015037493, 0.27140606236871972, 0.0, 0.044352932058059069, 0.1455343912744298, 0.0, 0.0, 0.0, 0.0, 0.0, 0.0, 0.0, 0.0
0.0084430454354268939, 0.0, 0.0, 0.10581622935270871, 0.0, 0.0, 0.0, 0.0, 0.0, 0.0, 0.39674140287759896, 0.20504116666171909, 0.0, 0.0, 0.0, -0.084908886807167364, 0.0, 0.0, 0.0, 0.0, 0.16182538191011733, 0.06854544878356203, 0.0, 0.0, 0.0, 0.0, 0.0, 0.013085998327906882, 0.0, 0.0, 0.0, 0.0, 0.0, 0.0, 0.0, -0.41243141233745761, 0.0, 0.0, 0.0, 0.0, 0.0, 0.0, 0.0, 0.1065628275756013, 0.31073992457332084, 0.0, 0.0, 0.011934201338653357, 0.28050530368751497, 0.0, 0.056546013643460062, 0.15478671854580137, 0.0, 0.0, 0.0, 0.0, 0.0, 0.0, 0.0, 0.0
0.018908173657735831, 0.0, 0.0, 0.11718053814590375, 0.0, 0.0, 0.0, 0.0, 0.0, 0.0, 0.40631962452252052, 0.21441785597987684, 0.0, 0.0, 0.0, -0.11393228431403972, 0.0, 0.0, 0.0, 0.0, 0.18054646297245458, 0.073310972877896161, 0.0096280317638121858, 0.0, 0.0, 0.0, 0.0, 0.025151035246084415, 0.0, 0.0, 0.0, 0.0, 0.0, 0.0, 0.0, -0.4327968324899451, -0.0013273895972427871, 0.0, 0.0, 0.0, 0.0, 0.0, 0.0, 0.12259270065045506, 0.31661324137290914, 0.0, 0.0, 0.012468473864746907, 0.28815047984609632, 0.0, 0.069283101868181429, 0.16358068084872324, 0.0, 0.0, 0.0, 0.0, 0.0, 0.0, 0.0, 0.0
0.029988549107968433, 0.0, 0.0, 0.12593769982065298, 0.0, 0.0, 0.0, 0.0, 0.0, 0.0, 0.41541327489623625, 0.22401438982564376, 0.0, 0.0, 0.0, -0.14312870439072706, 0.0, 0.0, 0.0, 0.0, 0.1961147243441588, 0.074151160637805774, 0.021331346417784516, 0.0, 0.0, 0.0, 0.0, 0.038933707092269988, 0.0, 0.0, -0.013767359297122306, 0.0, 0.0, 0.0, 0.0, -0.44848399486395607, -0.009508376883319257, 0.0, 0.0, 0.0, 0.0, 0.0, 0.0, 0.14017997901793824, 0.32404258252619306, 0.0, 0.0, 0.016065790271488314, 0.29504797364783308, 0.0, 0.080168536403877763, 0.17362541013806032, 0.0, 0.00071566581008433619, 0.0, 0.0, 0.0, 0.0, 0.0, 0.0
0.041074326299511424, 0.0, 0.0, 0.13136218176646663, 0.0, 0.0, 0.0, 0.0, 0.0, 0.0, 0.42406280348713959, 0.23432472317500139, 0.0, 0.0, 0.0, -0.17214926795885838, 0.0, 0.0, 0.0, 0.0, 0.20720263780983936, 0.074422569395637017, 0.033721175169409479, 0.0, 0.0, 0.0, 0.0, 0.054763729967727971, 0.0, 0.0, -0.036846223439726385, 0.0, 0.0, 0.0, 0.0, -0.46172103607506698, -0.020681121433483919, 0.0, 0.0, 0.0, 0.0, 0.0, 0.0, 0.1588726127732317, 0.3318185439332072, 0.0, 0.0, 0.021535812487247487, 0.30163657680532552, 0.0, 0.087573020153989337, 0.18405369401658844, 0.0, 0.0097261748739480257, 0.0, 0.0, 0.0, 0.0, 0.0, 0.0
0.052073867513607187, 0.0, 0.0, 0.13659808030016091, 0.0, 0.0, 0.0, 0.0, 0.0, 0.0, 0.43276520374766625, 0.24466329534656872, 0.0, 0.0, 0.0, -0.19992037604878127, 0.0, 0.0, 0.0, 0.0, 0.21831861729865054, 0.074337747661269687, 0.046350722577584623, 0.0, 0.0, 0.0, 0.0, 0.070190759830124225, 0.0, 0.0, -0.059280212836039334, 0.0, 0.0, 0.0, 0.0, -0.47381307536467931, -0.032783144638953099, 0.0, 0.0, 0.0, 0.0, 0.0, 0.0, 0.1773032193780964, 0.33955435796643629, 0.0, 0.0, 0.027667380946971205, 0.30787227345590878, 0.0, 0.095139998513946153, 0.19427941095146137, 0.0, 0.018596613251880716, 0.0, 0.0, 0.0, 0.0, 0.0, 0.0
0.062981426932554832, 0.0, 0.0, 0.1416404997777245, 0.0, 0.0, 0.0, 0.0, 0.0, 0.0, 0.44163990552343002, 0.25484831122765095, 0.0, 0.0, 0.0, -0.22711472146998746, 0.0, 0.0, 0.0, 0.0, 0.22935101910608921, 0.073998269482726586, 0.059018779056582329, 0.0, 0.0, 0.0, 0.0, 0.084974513260718018, 0.0, 0.0, -0.081183684726403721, 0.0, 0.0, 0.0, 0.0, -0.48560708923309559, -0.045124614560659818, 0.0, 0.0, 0.0, 0.0, 0.0, 0.0, 0.19559058093561613, 0.34721905183086715, 0.0, 0.0, 0.034137385463677505, 0.31371766302138204, 0.0, 0.10281070101245443, 0.20448034927061226, 0.0, 0.027211020627018027, 0.0, 0.0, 0.0, 0.0, 0.0, 0.0
0.076320306007835223, 0.0, 0.0, 0.14732879997389975, 0.0, 0.0, 0.0, 0.0, 0.0, 0.0, 0.45156202052152072, 0.26409355125209422, 0.0, 0.0, 0.0, -0.25255687367989538, 0.0, 0.0, 0.0, 0.0, 0.24091876903189527, 0.072725390959251318, 0.072802337950774579, 0.0, 0.0, 0.0, 0.0, 0.099311534852993419, 0.0, 0.0, -0.10225336006475838, 0.0, 0.0, 0.0, 0.0, -0.49553720814576419, -0.057147503916382146, 0.0, 0.0, 0.0, 0.0, 0.0, 0.0, 0.21304181112432335, 0.35414467278284006, 0.0, 0.0, 0.043500369590850532, 0.31830214516827915, 0.0, 0.10981957837593899, 0.21426349507130149, 0.0, 0.037615170800503389, 0.0, 0.0, -0.020040920308740939, 0.0, 0.0084269195834025604, 0.0
0.091054835570950884, 0.0, 0.0, 0.15178905984725008, 0.0, 0.0, -0.013351324033116148, 0.0, 0.0, 0.0, 0.46532191599310074, 0.27236444423493672, 0.0, 0.0, 0.0, -0.27572793129250839, 0.0, 0.0, 0.0, 0.011340812363423282, 0.24424899717578655, 0.068854397577533324, 0.088816647978965935, 0.0, 0.0, 0.0, 0.0, 0.11342247451425989, 0.0005886612774948552, 0.0, -0.12177240433375125, 0.0, 0.0, 0.0, 0.0, -0.50182285419197692, -0.070164916671138777, 0.0, 0.0, -0.0096332434650940497, 0.0, 0.0, 0.0, 0.23149193689482808, 0.36253217802607168, 0.0, 0.0, 0.056153860956602887, 0.3247890670406266, 0.0, 0.11616158352387036, 0.22233882348254022, 0.0, 0.047955176229928037, 0.0, 0.0, -0.043110618170663959, 0.0, 0.026287289165224326, 0.0
0.10649109932937241, 0.0, 0.0, 0.15798639541966764, 0.0, 0.0, -0.035294857548839625, 0.0, 0.0, 0.0, 0.48209898766470732, 0.28106702702842662, 0.0, 0.0, 0.0, -0.29577864561135619, 0.0, 0.0, 0.0, 0.028250842551747229, 0.24503825690467673, 0.061533227454767594, 0.10815454817586115, 0.0, 0.0, 0.0, 0.0, 0.11547082804934859, 0.018826819503042932, 0.0, -0.14355732685029562, 0.0, 0.0, 0.0, 0.0, -0.50192920796269225, -0.083400939394508308, 0.0, 0.0, -0.02622761502955482, 0.0, 0.0, 0.0, 0.25092777504041736, 0.37107244138076328, 0.0, 0.0, 0.069565361720142424, 0.33370831190941619, 0.0, 0.12368491257368289, 0.23007482539598975, 0.0, 0.059383138417448064, 0.0, 0.0, -0.065421241675763131, 0.0, 0.043810761841113696, 0.0
0.12882577394100878, 0.0, 0.0, 0.15964136931014253, 0.0, 0.0, -0.059430557476685776, 0.0, 0.0, 0.0, 0.49836836220632796, 0.2892443996847518, 0.0, 0.0, 0.0, -0.31716870290443977, 0.0, 0.0, 0.0, 0.044340306199265017, 0.24710333567602918, 0.054165723444794242, 0.12869142681639356, 0.0, 0.0, 0.0, 0.0, 0.1152578660746033, 0.037760150609089993, 0.0, -0.16496723252517731, 0.0, 0.0, 0.0, 0.0, -0.50684238356755884, -0.09456293834807547, 0.0, 0.0, -0.042913278182390178, 0.0, 0.0, 0.0, 0.27036809765380138, 0.38054949911570024, 0.0, 0.0, 0.083220793554959857, 0.34208865546734546, 0.0, 0.13201304436099581, 0.23864711517135775, 0.0, 0.070878036967518987, 0.0, 0.0, -0.086364748000649555, 0.0, 0.061564913115739549, 0.0
0.14506874817685422, 0.0, 0.0, 0.16529293788524388, 0.0, 0.0, -0.081811984863732146, 0.0, 0.0, 0.0, 0.5157037884821728, 0.2972157372141625, 0.0, 0.0, 0.0, -0.33839853639501233, 0.0, 0.0, 0.0, 0.059269199230464087, 0.24927788785091345, 0.045930405649002332, 0.14927834266255807, 0.0, 0.0, 0.0, 0.0, 0.11384952111051776, 0.056435702200042973, 0.0, -0.1858532072522083, 0.0, 0.0, 0.0, 0.0, -0.51238585880760679, -0.10521262186748746, 0.0, 0.0, -0.059698636770634625, 0.0, 0.0, 0.0, 0.28995470438587173, 0.39073152063138533, 0.0, 0.0, 0.096986556894470249, 0.34982616606414951, 0.0, 0.14009099597602032, 0.24718233971266446, 0.0, 0.082570387326741324, 0.0, 0.0, -0.10631068213005439, 0.0, 0.078436604436569107, 0.0
0.16102411270927086, 0.0, 0.0, 0.17152335102480726, 0.0, 0.0, -0.10391308721451291, 0.0, 0.0, 0.0, 0.53324369560305263, 0.30511548274201722, 0.0, 0.0, 0.0, -0.35953066455396387, 0.0, 0.0, 0.0, 0.073763842440017394, 0.25161392879591898, 0.037562299452789279, 0.17005972821384957, 0.0, 0.0, 0.0, 0.0, 0.11207219029687217, 0.074724115708395142, 0.0, -0.20611933475529268, 0.0, 0.0, 0.0, 0.0, -0.51869365063417039, -0.11543564263499506, 0.0, 0.0, -0.076198951387451058, 0.0, 0.0, 0.0, 0.3091735016217404, 0.40131384965330291, 0.0, 0.0, 0.11118830192153055, 0.35702262596322171, 0.0, 0.1481067879041118, 0.25573267085986323, 0.0, 0.094079813262256173, 0.0, 0.0, -0.12538889891436827, 0.0, 0.094686132215007449, 0.0
0.16458259010932055, 0.0, 0.0, 0.18212551279668582, 0.0, 0.0, -0.12353190293121628, 0.0, 0.0, 0.0, 0.55079504799135937, 0.31358581644077305, 0.0, 0.0, 0.0, -0.38123080953796373, 0.0, 0.0, 0.0, 0.089567135418820817, 0.25506232187539757, 0.028413952870163069, 0.19008934214153606, 0.0, 0.0, 0.0, 0.0, 0.10738135022512869, 0.093449428688296129, 0.0, -0.22522771203911299, 0.0, 0.0, 0.0, 0.0, -0.52313594000781916, -0.12703048631424496, 0.0, 0.0, -0.092069789572159069, 0.0, 0.0, 0.0, 0.32637386207883978, 0.41542299011052508, 0.0, 0.0, 0.12497543593847971, 0.37125233533216412, -0.011079060336216733, 0.15672449649370768, 0.26571593339210964, 0.0, 0.10658495908473604, 0.0, 0.0, -0.14233291479671986, 0.0, 0.10896122404342838, 0.0
0.18376502208527848, 0.0, 0.0, 0.1833679597674876, 0.0, 0.0, -0.14239779087868148, -0.00051290152973894765, 0.00027288998539262433, 0.0, 0.56277922161988658, 0.32519743587864619, 0.0, 0.0, -0.0029656237023774753, -0.40154830156464411, 0.0, 0.0, 0.0, 0.10624326329078834, 0.25863813922925782, 0.023537950062826534, 0.20614681586912365, 6.0727618760470815e-05, 0.0, 0.0, 0.0, 0.1027954547927119, 0.1122764924887087, 0.0, -0.2448257657242297, 0.0, 0.0, 0.0, 0.0, -0.528791392284509, -0.14115874880097809, 0.0, 0.0, -0.10431625510699223, 0.0, 0.0, 0.0, 0.3389214061546742, 0.43453678006768665, 0.0, 0.0, 0.13713715729851497, 0.39840407725220078, -0.045896291667926602, 0.16928832922702822, 0.28032070762735017, 0.0, 0.12209926613056031, -0.0094505869657385538, 0.0, -0.15708558764318245, 0.0, 0.12249956085136107, 0.0
0.20399171344713352, 0.0, 0.0, 0.18429156417134526, 0.0, 0.0, -0.15596339913361493, -0.025849606919140792, 0.023923757357569971, 0.0, 0.56723634696875713, 0.34190346020856338, 0.0, 0.0, -0.0088315945516389254, -0.41786496056434907, 0.0, 0.0, 0.0, 0.11880150693490638, 0.25917030807003816, 0.021168525577282202, 0.22195332687185673, 0.0037794243923217562, 0.0, 0.0, 0.0, 0.094256590914884641, 0.13463475809810185, 0.0, -0.2670005185687867, 0.0, 0.0, 0.0, 0.0, -0.5313723427646373, -0.1585496586154245, 0.0, 0.0, -0.11355996601290436, 0.0, 0.0, 0.0, 0.34777332988035858, 0.45565476521953496, 0.0, 0.0, 0.14483042904966764, 0.43038998275942136, -0.081971207401194152, 0.18450015707745593, 0.29578277125620561, 0.0, 0.13821285461250585, -0.018861264952134162, 0.0, -0.16937055963180739, 0.0, 0.13689879800416951, 0.0
0.22487998403884157, 0.0, 0.0, 0.18599803332665954, 0.0, 0.0, -0.16809952042183879, -0.056770992261355381, 0.052291066253585754, 0.0, 0.5674386762837037, 0.36286048161672663, 0.0, 0.0, -0.016278233105731135, -0.43315561633147881, 0.0, 0.0, 0.0, 0.13037946414732721, 0.25664968316053816, 0.020653122073053299, 0.23859685336298145, 0.0082277083346920573, 0.0, 0.0, 0.0, 0.081474453980520237, 0.15336960822722429, 0.015046560511362977, -0.29742625011785567, 0.0, 0.0, 0.0, 0.0, -0.53108765014151682, -0.17849756093694785, 0.0, 0.0, -0.12231820513769737, 0.0, 0.0, 0.0, 0.35498981978094446, 0.47548426477762401, 0.0, 0.0, 0.15015845134725758, 0.46647364891117027, -0.11889986171065976, 0.2000370517364693, 0.31151539865393607, 0.0, 0.15427332629284768, -0.026708604453451069, 0.0, -0.1801090629698856, 0.0, 0.14981129767803944, 0.0
0.25371735788054034, 0.0, -0.031397878845444517, 0.20525768814390957, 0.0, 0.0, -0.18313693330827718, -0.089142766898076639, 0.081190935136762815, 0.0, 0.56341970656492113, 0.3891668807083748, 0.0, 0.0, -0.020960841092849569, -0.4480766696312527, 0.0, 0.0, 0.0, 0.13912724565157897, 0.25032777451923505, 0.020660783267468539, 0.25441313631692519, 0.017835621809735004, 0.0, 0.0, 0.0, 0.069540218249781183, 0.15929937458565793, 0.041936986801557476, -0.33337616115647317, 0.0, 0.0, 0.0, 0.0, -0.53602981773315317, -0.19575155449489803, 0.0, 0.013219718437372777, -0.13951948320490523, 0.0, 0.0, 0.0, 0.35988218655180149, 0.49584399055413636, 0.0, 0.0, 0.16428486600967118, 0.50135825793541111, -0.16087516249921391, 0.21414245900977905, 0.32970540041220209, 0.0, 0.172580325437246, -0.03610867006480728, 0.0, -0.18694246384849045, 0.0025414148078109276, 0.15952870787916587, 0.0
0.28321061542228843, 0.0, -0.076502651663168275, 0.23292567651075885, 0.0, 0.0, -0.19966692557372492, -0.12029619333902065, 0.10984700327505094, 0.0, 0.55574277680797446, 0.41989059623350278, 0.0, 0.0, -0.023350541536931706, -0.46075525178450993, 0.0, 0.0, 0.0, 0.14551308146607328, 0.23965261767660859, 0.0242437700316737, 0.26882372882855315, 0.031865245635412508, 0.0, 0.0, 0.0, 0.05781241426396954, 0.15893705332805871, 0.074572454688994858, -0.37100236960612343, 0.0, 0.0, 0.0, 0.0, -0.54015593382707605, -0.2148085787278802, 0.0, 0.045849781493491899, -0.16895997717895608, 0.0, 0.0, 0.0, 0.36232637735363799, 0.51605234957054746, 0.0, 0.0, 0.18279761646228512, 0.53558323765917382, -0.2050050015438098, 0.22610227410932729, 0.34874108636410778, 0.0, 0.19142305967757731, -0.048898271134080726, 0.0, -0.19332331363089769, 0.013052104218526386, 0.16456076543495546, 0.0
0.31307282548243548, 0.0, -0.12134970543605425, 0.26079079594783333, 0.0, 0.0, -0.21633794220728389, -0.15078155794319836, 0.13907721892363428, 0.0, 0.54607346278260205, 0.45184606442232328, 0.0, 0.0, -0.026958161212252009, -0.47210719038777504, 0.0, 0.0, 0.0, 0.15402605786889598, 0.22536377062598217, 0.030700285527826804, 0.28063695151394374, 0.047062833801268092, 0.0, 0.0, 0.0, 0.048135385895223856, 0.15604979951412959, 0.10899512576336676, -0.40944655417958475, 0.0, 0.0, 0.0, 0.0, -0.54243601422480148, -0.23548547124037963, 0.0, 0.077913534985644323, -0.19787017697635029, 0.0, 0.0, 0.0, 0.36440485056020339, 0.53573354564134912, 0.0, 0.0, 0.20223517281204512, 0.56961007715261436, -0.24846644695538925, 0.23744679910709771, 0.36749455637443446, 0.0, 0.21001925045677544, -0.061038147929538135, 0.0, -0.1993616212891535, 0.024487071753772172, 0.16876816223578919, 0.0
0.34258703771394527, 0.0, -0.16559429128083231, 0.28879682161138226, 0.0, 0.0, -0.23243830839689056, -0.18065442538261325, 0.16847149009916279, 0.0, 0.53513885572429343, 0.48440213888451045, 0.0, -0.00028742240635607993, -0.031151342403664864, -0.4832593705792485, 0.0, 0.0, 0.0, 0.16450047691886516, 0.20888106663868294, 0.039266297947150086, 0.29119816440011992, 0.061851328266305031, 0.0, 0.0, 0.0, 0.039450221751772194, 0.15200233562988952, 0.1435485894972488, -0.44751900472924339, 0.0, 0.0, 0.0, 0.0, -0.54440472709502552, -0.25643414905642015, 0.0, 0.10872507332667847, -0.22673313966393874, 0.0, 0.0, 0.0, 0.36618238341861176, 0.55055817016491215, 0.0092753974485458163, 0.0, 0.22115652297151539, 0.60309648146836814, -0.29349962268733265, 0.24796017306632595, 0.38598797705319216, 0.0, 0.22853814999144487, -0.072786475615818039, 0.0, -0.204552977050978, 0.036532589434631113, 0.17278054265079154, 0.0
0.37000856236677637, 0.0, -0.20598640014918387, 0.31580190257408836, 0.0, 0.0, -0.24879215288633999, -0.20863856778568673, 0.19677946548002434, 0.0, 0.52378192770357235, 0.51789255859152505, 0.0, -0.0089450131042813543, -0.027448506701479625, -0.49488039736520495, 0.0, 0.0, 0.0, 0.17577473033418581, 0.1914362303921226, 0.051734323443808142, 0.30106816141470838, 0.07602029164273745, 0.0, 0.0, 0.0, 0.034061821101947172, 0.14737640960217699, 0.17643945608407297, -0.48892476169829535, 0.0, 0.011325202024061858, 0.0, 0.0, -0.55065829561549928, -0.27647541076399262, 0.0, 0.13925643641966887, -0.25825852542083139, 0.0, 0.0, 0.000240941434966475, 0.3699998857044085, 0.56092693987411757, 0.02256500716571563, 0.0, 0.2411404972043128, 0.63691473080092287, -0.33924472177995679, 0.25905406782436013, 0.40445400851835495, 0.0, 0.24594667476013851, -0.082317344330422468, 0.0, -0.20907979278168334, 0.049315327902500969, 0.17683633836072327, 0.0
0.41568345856987632, 0.0, -0.25255345392094453, 0.33943861820435534, 0.0, 0.0, -0.26905427742440585, -0.23572744475772239, 0.22399473624523555, 0.0, 0.5139310337976698, 0.54849604567071808, 0.0, -0.018394634119166833, -0.018611560651850739, -0.50739184229210443, 0.0, 0.0, 0.0, 0.18747384648691773, 0.17444625858911544, 0.070263596231252792, 0.30898555698938018, 0.090664294682274049, 0.0, 0.0, 0.0, 0.030642409523137445, 0.14499084900989118, 0.21044437365816274, -0.54472340064906244, 0.02146276219540599, 0.019749306203083534, 0.0, 0.0, -0.55973540232347863, -0.29589965691489772, 0.0, 0.16981109815163206, -0.29192203512451692, 0.0, 0.0, 0.010001729262210551, 0.36771631629975854, 0.57206694541670033, 0.035383266467414069, 0.0, 0.26375620873145211, 0.66786889797003546, -0.38731723415069913, 0.27337132974140121, 0.42367070255066058, 0.0, 0.26114595669448931, -0.090490403909011238, 0.0, -0.21286658175604428, 0.059545250825523269, 0.18176536816945232, 0.0
0.41949794761386994, 0.0, -0.27457943977443722, 0.36507268967835615, 0.0, 0.0, -0.27861341288026625, -0.25892091551175239, 0.25253168888667998, 0.0, 0.50233420279087548, 0.57699091668230118, 0.0, -0.029698630946779343, -0.0071648763874694677, -0.52239934055102832, -0.00021290908011354373, 0.0, 0.0, 0.20187719964466638, 0.15123419646573896, 0.091602477618427589, 0.31057784187495385, 0.10599346725194347, 0.0, 0.0, 0.0, 0.021427540789554864, 0.14413269256140124, 0.25375774226887354, -0.61674250503577754, 0.062764083689252695, 0.019256013281079294, 0.0, 0.0, -0.56579297633475756, -0.32118176914617369, 0.0032542342051740799, 0.20077327486436314, -0.3276695671313466, 0.0, 0.0, 0.023134744200810086, 0.36185257943901078, 0.58447279373389593, 0.048244118281123981, 0.0, 0.28142624013652806, 0.70246490657983052, -0.43247938781364687, 0.28110313124205755, 0.43996362729544625, 0.0, 0.27617928047236345, -0.096317216559278815, 0.0, -0.21503402122303514, 0.069276912227442103, 0.18655454777552896, 0.00056179437715375225
0.44200037369945028, 0.0, -0.30869706028631994, 0.39045686094090948, 0.0, 0.0, -0.29400715045657722, -0.28110972073620361, 0.27679392330419356, 0.0, 0.49793703661291377, 0.59854892816181027, 0.0, -0.037418821182462217, 0.0, -0.53454544217223943, -0.00080605000357989224, 0.0, 0.0, 0.21775201445551423, 0.13256461555921081, 0.11291044705026247, 0.31361071060228002, 0.12148892284232646, 0.0, 0.0, 0.0, 0.014869986827135286, 0.14523884213579594, 0.28959856143495771, -0.68150359157010454, 0.10377580336248156, 0.017046125030438432, 0.0, 0.0, -0.58242195529505014, -0.34558275919924214, 0.02115388959103346, 0.21655849544077918, -0.35488965377280307, 0.0, 0.0, 0.037741394837342804, 0.35839855567646423, 0.5980826569907971, 0.060779733827035783, 0.0, 0.30644371360359229, 0.72739187702264496, -0.47813304158214226, 0.29258277879065592, 0.45718050915867742, 0.0, 0.29157900375888174, -0.10276853519984137, 0.0, -0.21580499670609871, 0.078552797311048209, 0.18855221675674999, 0.005104602761169451
0.46632247734004767, 0.0, -0.34234148814010945, 0.4152426607710536, 0.0, 0.0, -0.30980895267650194, -0.30269794948426332, 0.30114430204441456, 0.0, 0.49445164395585117, 0.62109664756565419, 0.0, -0.042325660092605924, 0.0, -0.54349912421874491, -0.00350445035433767, 0.0, 0.0, 0.23578694999773528, 0.11019967002360549, 0.13528039512999698, 0.31563562173761239, 0.13864395038436475, 0.0, 0.0, 0.0, 0.0043400859202356711, 0.15093827924967718, 0.33008145764230867, -0.75513807902582697, 0.14845351817734959, 0.014240693813294401, 0.0, 0.0, -0.59255265319908867, -0.37805875299364106, 0.043359325655047486, 0.2310590442223682, -0.38439097297340946, 0.0, 0.0, 0.052033194361168836, 0.35256888634453226, 0.61036617641528734, 0.074034694587120864, 0.0, 0.33043189144921015, 0.75802125428536316, -0.52647931964530881, 0.30140329899744006, 0.47317781537717657, 0.0055749878664987391, 0.30564255187020622, -0.10882366289374085, 0.0, -0.2160937087718155, 0.089138837901573537, 0.188014065124332, 0.01085635057946439
0.49052512636157974, 0.0, -0.37642267691651704, 0.43991498788846489, 0.0, 0.0, -0.32622372583201359, -0.32509375898529785, 0.32671426946217957, 0.0, 0.49068241534966944, 0.64403837028313393, 0.0, -0.045489126490810841, 0.0, -0.55166736020553131, -0.0092294481191170751, 0.0, 0.0, 0.25380599961006678, 0.086053475088898046, 0.16080414313522909, 0.31858596556916141, 0.15468815762420346, 0.0, 0.0, 0.0, 0.0, 0.14916722978024619, 0.37549054415168481, -0.83289490866785132, 0.19624634630957827, 0.01202585312495117, 0.0, 0.0, -0.60028415558087833, -0.41349399783999519, 0.065821576984961924, 0.24638031673603178, -0.41483307178768553, 0.0, 0.0, 0.064478760872803659, 0.34423474343695337, 0.62536645589197348, 0.088698738002770949, 0.0, 0.354594134180855, 0.79220406623920503, -0.5778489897384097, 0.30880445052062655, 0.48329370773353986, 0.022150806975385844, 0.31861587407752251, -0.11359099604988278, 0.0, -0.21662194133844551, 0.10018253560280879, 0.18728313380642778, 0.016209961027743428
0.51469694064625859, 0.0, -0.40955202679086827, 0.46400184882124018, 0.0, 0.0, -0.3418122114667802, -0.3483586930599098, 0.35201556705260006, 0.0, 0.48471635153487747, 0.66829268991269741, 0.0, -0.048149196841908666, 0.0, -0.55781823518459006, -0.015373110015132294, 0.0, 0.0, 0.27339358926160928, 0.059979189489498271, 0.18732881369824905, 0.32197504843231328, 0.16929115260052707, 0.0, 0.0, 0.0, 0.0, 0.14163382325995369, 0.42622986473194274, -0.91365559049848621, 0.24476374780050381, 0.01056765032407749, 0.0, 0.0, -0.60643317588366619, -0.45054335417575508, 0.087950775965075306, 0.26217979411980447, -0.44533913479195369, 0.0, 0.0, 0.078012097133516575, 0.33483419542744569, 0.64011026019388717, 0.10416669716792107, 0.0, 0.37847314672934634, 0.8266002630353777, -0.62906702111622292, 0.31702563982132964, 0.49195122890116949, 0.038883418019138923, 0.33089636914445936, -0.11786698262829501, 0.0, -0.21698023239583988, 0.1115778620450905, 0.18669687737358906, 0.020546612823326406
0.53893147319328272, 0.0, -0.44215957798237449, 0.48784062731114147, 0.0, 0.0, -0.35679351261886988, -0.37127755348664826, 0.37760229036787762, 0.0, 0.47707012826379513, 0.69354145281681867, 0.0, -0.05138939346691114, 0.0, -0.56518437572387459, -0.021569077530914631, 0.0, 0.0, 0.29425826829909063, 0.032961043488429917, 0.2149640045043173, 0.32548009601867001, 0.18306669207409249, 0.0, 0.0, 0.0, 0.0, 0.13236208209656541, 0.47946733416085435, -0.99561915980553817, 0.29404655913178718, 0.0083115208670119962, 0.0, 0.0, -0.61237920835929716, -0.48740983055528236, 0.10926875074387735, 0.27790427560383163, -0.47603169970125997, 0.0, 0.0, 0.092029731994676053, 0.32545949662818102, 0.65407933126966533, 0.12021556241296419, 0.0, 0.40343272115993967, 0.86033074778551855, -0.68052907692992415, 0.32554325753290841, 0.50010828765081261, 0.056065397268484835, 0.34293491941349341, -0.12128137329446277, 0.0, -0.21707925875516748, 0.1232634866946475, 0.1861480808427193, 0.024260663660961707
0.56309224889283971, 0.0, -0.47420152080595246, 0.51131657785203577, 0.0, 0.0, -0.37143525195048455, -0.39396530676333552, 0.4034945374179072, 0.0, 0.46862546879052536, 0.71926129172633102, 0.0, -0.05449428188498863, 0.0, -0.57359131882755354, -0.028109720288198543, 0.0, 0.0, 0.31599144588264494, 0.0052748785691191956, 0.24366043180454694, 0.32908258543421265, 0.19634381647207194, 0.0, -0.0020739985971043565, 0.0, 0.0, 0.12301833167326015, 0.53404916289460447, -1.078718532796566, 0.34431479784344443, 0.0051498697168215497, 0.0, 0.0, -0.61906117078652489, -0.52381946789249256, 0.12967789520309159, 0.29364104203428587, -0.5066212171210831, 0.0, 0.0, 0.10659955057585928, 0.31632509656432589, 0.66749500197263834, 0.13661107546607068, 0.0, 0.42912907123810268, 0.89351871087487711, -0.73239554347502756, 0.33400338439673405, 0.5076178674077626, 0.07349520978419026, 0.35469824690876317, -0.12455250935275666, 0.0, -0.21695463740779117, 0.13505059285050452, 0.1855818172801465, 0.027553478038294416
0.58011544469228982, 0.0, -0.49757718865394762, 0.53012271865514493, 0.0, 0.0, -0.38741287306589711, -0.41103646273945199, 0.42499744449832066, 0.0, 0.46932564142446664, 0.7352976544634291, 0.0, -0.05744578813110205, 0.0, -0.58082602848596487, -0.033572192064453769, 0.0, 0.0, 0.33085938139757787, 0.0, 0.25609370575255092, 0.33612736312360075, 0.21073876951146867, 0.0, -0.014769244880185863, 0.0, 0.0, 0.12794021357671603, 0.56572612709618852, -1.1308634116199983, 0.37887148446893554, 0.0017272578761650017, 0.0, 0.0, -0.63046284249541462, -0.54328940727435504, 0.14463134153641055, 0.30381787047539116, -0.52656247213491458, 0.0, 0.0, 0.12210825589166378, 0.31257998590281177, 0.68093331650931122, 0.14820515834476267, 0.0, 0.45147649194210443, 0.91049241199786179, -0.77225333210502423, 0.34706103538540928, 0.5124935319069166, 0.086914515091375683, 0.36589653469577244, -0.129645181552625, 0.0, -0.219643773092387, 0.14409524297469944, 0.18471064410429736, 0.030176194727598832
0.60450693625550578, 0.0, -0.53339316881451326, 0.55610289890059805, 0.0, 0.0, -0.40407946238583087, -0.43710084119651593, 0.45066403195994659, 0.0, 0.47007046864320612, 0.7563096687707167, 0.0, -0.061161551076810233, 0.0, -0.59428355321553961, -0.04061597642958472, 0.0, 0.0, 0.34062681034287084, 0.0, 0.26871695156799696, 0.3466942555690013, 0.23136058024855674, 0.0, -0.03587838559211836, 0.0, 0.0, 0.1275794192300444, 0.60768083405106421, -1.2078686180792158, 0.42624157835142168, 0.0, 0.0, 0.0, -0.64970204032432766, -0.5755371420090889, 0.16039177775559796, 0.31381659100228287, -0.55393564395599559, 0.0, 0.0, 0.13743066915773608, 0.30725811005539294, 0.70504800803355383, 0.16575632481011815, 0.0, 0.48469207040780388, 0.94042909005229069, -0.82757883378827068, 0.35487675014414638, 0.51964161133974862, 0.10801402509303876, 0.37910945833836784, -0.13280640928593432, 0.0, -0.22005354275401481, 0.15587223335724223, 0.17986098134199702, 0.035497194718287654
0.6247334292779998, 0.0, -0.56486242269496023, 0.57798932161869776, 0.0, 0.0, -0.42161220324038562, -0.46378118693225068, 0.47767150109483947, 0.0, 0.47169104110641691, 0.78048139332305022, 0.0, -0.062752363415192469, 0.0, -0.60727823783964119, -0.049909221472074279, 0.0, 0.0, 0.34685477562897515, 0.0, 0.28316316686070275, 0.35698388944067821, 0.252138980011755, 0.0, -0.05739055426435332, 0.0, 0.0, 0.12777957407904589, 0.65650706585260743, -1.2888481011833519, 0.47269014988271185, 0.0, 0.0, 0.0, -0.65957423996058029, -0.60766083161409723, 0.17613314681978035, 0.32592050336120371, -0.58265166924933121, 0.0, 0.0, 0.15057930420871365, 0.29744719200571512, 0.7253846808945833, 0.1816010138713208, 0.0, 0.5142554569254687, 0.97413392809468691, -0.88050488952270711, 0.363848393179662, 0.52387135278026231, 0.13107743766612523, 0.39138754360694317, -0.13687411109405745, 0.0, -0.22147555650496159, 0.16818596328019611, 0.1761160751017439, 0.040780445160870253
0.63932791087413421, 0.0, -0.59170345580363259, 0.5954661581213182, 0.0, 0.0, -0.43885519676755264, -0.48515243971326888, 0.50228377791620704, 0.0, 0.47405659715333726, 0.79994166007927325, 0.0, -0.065399382329733705, 0.0, -0.61611954614492304, -0.059862947604656214, 0.0, 0.0025464828022025393, 0.3521950252760942, 0.0, 0.29571681374736353, 0.36493027657169452, 0.27049460870835795, 0.0, -0.07544301499768484, 0.0, 0.0, 0.12804010459926785, 0.69815277719773661, -1.3563793474047858, 0.51211931552792056, 0.0, 0.0, 0.0, -0.67085590242836524, -0.63282974125878877, 0.19033525231393564, 0.33813948258866527, -0.60772207614592322, 0.0, 0.0, 0.1644954701688206, 0.28852580919374693, 0.74407637090306455, 0.19371826243405768, 0.0, 0.53804690685473411, 1.0013567550840592, -0.92507394359260842, 0.37410576905793969, 0.52735599026046309, 0.14997343883148115, 0.40303500068767439, -0.14129155791948453, 0.0, -0.2224209486662046, 0.17926584848087715, 0.17315697651517509, 0.045358096321018962
0.66459853711912031, 0.001890648814272084, -0.62714836478537361, 0.6215180118904855, 0.0, 0.0, -0.45598671846120509, -0.51492803865898584, 0.53057555376969501, 0.0, 0.47399993687057923, 0.82640730254605188, 0.0, -0.067766916470761926, 0.0, -0.62883697723355381, -0.072811633482106897, 0.0, 0.012397717187886509, 0.35230246980738439, 0.0, 0.31181023692093773, 0.37477316676800693, 0.29283936966176521, 0.0, -0.097288194812559403, 0.0, 0.0, 0.1245060723136103, 0.75313999313890134, -1.443937539325487, 0.56393477091174304, 0.0, -0.0073107094425616881, 0.0, -0.68241692286741429, -0.6692985433427957, 0.20459011383634915, 0.35296284241187748, -0.63551003170681564, 0.0, 0.0, 0.18071596270366155, 0.27777235272174372, 0.77039152993806193, 0.20936414388973054, 0.0, 0.56880478778963262, 1.0370472292487001, -0.98159721192957561, 0.38198200868675947, 0.53198214073950423, 0.17302169581900004, 0.41595590566538959, -0.14414815934908301, 0.0, -0.22309730156103449, 0.19206171365552707, 0.16636745992627075, 0.050047215638951453
0.68120296444632256, 0.0047965293643879841, -0.65622247202347039, 0.63875814861166058, 0.0, 0.0, -0.47297381598030463, -0.5388224214069397, 0.55752183754955376, 0.0, 0.47582286143294839, 0.84864069077730508, 0.0, -0.071214583583196267, 0.0, -0.63992430988438176, -0.086270588931999348, 0.0, 0.024750891938709069, 0.35130550082709777, 0.0, 0.32562883569268125, 0.38192301671606815, 0.31112661036190237, 0.0, -0.11585227850726183, 0.0, 0.0, 0.12431215769792683, 0.79922180201967008, -1.5161397318713188, 0.608122272515493, 0.0, -0.018564950560750467, 0.0, -0.6854989613929986, -0.69762165579852808, 0.21599621317379517, 0.36540859590913405, -0.6588897383358493, 0.0, 0.0, 0.19528266227439248, 0.266012264737846, 0.79104902864896809, 0.22202268071405834, 0.0, 0.59213442664151483, 1.0649638698673287, -1.0269879075413288, 0.39230591976972035, 0.53411007926838694, 0.19280852744167667, 0.42677820592136301, -0.14662227262190494, 0.0, -0.22348490595624454, 0.20278669389952153, 0.16347174526425776, 0.053637876455281563
0.70805423009199897, 0.0089750133534667442, -0.69249712529776708, 0.66392719271269096, 0.0, 0.0, -0.48916442398663951, -0.57051659572177482, 0.58746457730061108, 0.0, 0.475072474922831, 0.87753930273536851, 0.0, -0.072977365484777901, 0.0, -0.65399678003244655, -0.10530093123304593, 0.0, 0.042854075573610609, 0.3476563259299667, 0.0, 0.34491678987843533, 0.39119101667681216, 0.33256699495829944, 0.0, -0.13768423571003927, 0.0, 0.0, 0.11945196364367576, 0.85902660392600749, -1.6093328135889917, 0.66528762757262394, 0.0, -0.031926272341435843, 0.0, -0.69263525127254644, -0.73495244100537671, 0.22738649723355106, 0.37956622614066121, -0.68549743902748372, 0.0, 0.0, 0.21352266673510134, 0.25277337523896792, 0.81942742381561762, 0.23850457670256836, 0.0, 0.62325240943729754, 1.099709348116886, -1.0849634520990494, 0.4020842297236446, 0.53794478363591758, 0.21631184870378589, 0.43812705239923894, -0.14768264839056475, 0.0, -0.22372868064120596, 0.2147063439260114, 0.15687933743100474, 0.057345537098521915
0.72448360459480587, 0.011455234054735556, -0.71950684863362435, 0.68233928667200117, -0.0058926507725927347, 0.0, -0.50409200806564314, -0.59517199732351267, 0.61526725278492511, 0.0, 0.47625693345330733, 0.90163078460996493, 0.0, -0.075179294410151365, 0.0, -0.66396732523464563, -0.12262144983269964, 0.0, 0.059130909382323647, 0.34420698768906799, 0.0, 0.3619824973665775, 0.39811076611910889, 0.34962168637165458, 0.0, -0.15547042884955214, 0.0, 0.0, 0.11799940093458153, 0.90788970400424562, -1.6855737678351879, 0.71220922719441204, 0.0013676451478927946, -0.044952203972994965, 0.0, -0.69543577469182449, -0.76282041899857977, 0.2376114027811434, 0.39198118237603119, -0.7086773737266705, 0.0, 0.0, 0.22977315537333781, 0.23932882855208501, 0.84092605030785894, 0.2522538265807327, 0.0, 0.64795765123691629, 1.1269742927459354, -1.1318344542593095, 0.41256888087344673, 0.53985860400605357, 0.23726433149733805, 0.44754772131843895, -0.14922453165385771, -0.0031526649131395417, -0.22329566477805146, 0.22480502463723359, 0.1559608636909659, 0.059982705730955016
0.74777518420170574, 0.015232481510165432, -0.74966457409995657, 0.71549810953698501, -0.023892706254659429, 0.0, -0.51913552567926435, -0.62748833185801189, 0.6462061030116556, 0.0, 0.47400279413500113, 0.93383624935632659, 0.0, -0.075824584018553715, 0.0, -0.67309579605234471, -0.14529153690684765, 0.0012424054102006005, 0.080926854460039443, 0.33831966985288087, 0.0, 0.38624216793509658, 0.40681243646228238, 0.37042164203711353, 0.0, -0.17405993404441525, 0.0, 0.0, 0.1129580811736096, 0.96936434071929689, -1.7824745320012751, 0.77106166112053054, 0.0067680449971739311, -0.061155963324992672, 0.0, -0.7071583105774325, -0.79959943006522816, 0.25050406628502131, 0.41004582922799071, -0.736034514868529, 0.0, 0.0, 0.2509362143379914, 0.22663156541386703, 0.87020516492416877, 0.26962212241425138, 0.0038978015569618059, 0.68029994817435113, 1.1581844423826539, -1.191981219779227, 0.42117784675274661, 0.54438889314942684, 0.26422701090109241, 0.45741302394862493, -0.1476580208877811, -0.016594897412275007, -0.22196888406259838, 0.23609610982672902, 0.1542794264255338, 0.06355252753428843
0.75846722954707857, 0.02611628821037406, -0.77685473881340683, 0.74250118531226317, -0.040604519167196158, 0.0, -0.53199326408502445, -0.65370641223241177, 0.67560047423901792, 0.0, 0.47275257593718506, 0.95985430264812188, 0.0, -0.079736278168617683, 0.0, -0.68056251768233222, -0.16423352102534122, 0.0099453107372081354, 0.093306212380154116, 0.33478041588667629, 0.0, 0.40664830374961586, 0.41367881142710605, 0.38753311003997565, 0.0, -0.18788484362005914, 0.0, 0.0, 0.11190810729320569, 1.0176127591308275, -1.862003830617597, 0.81735398729008535, 0.013394208734973909, -0.073132630154207845, 0.0, -0.7166336656282295, -0.82844840831973154, 0.2617539718232117, 0.42615544772692232, -0.76032434416080719, 0.0, 0.0, 0.26934550911785626, 0.21675179956082807, 0.89152982903233302, 0.28329571684209653, 0.011552974936437572, 0.70620384648293943, 1.1805100823629169, -1.2412041593323764, 0.42995734086475512, 0.54772868314866219, 0.2875463447718149, 0.46450932082084823, -0.14682942998806081, -0.029086621409549891, -0.2197757902854354, 0.24685733567151322, 0.15418523309180318, 0.06714862519095563
0.77156094237148209, 0.038464804245995542, -0.80646439102498546, 0.77282159742245804, -0.058777470795773723, 0.0, -0.54560326332956011, -0.68145551047523567, 0.7059724824147553, 0.0, 0.47193764744654149, 0.98668998599136837, 0.0, -0.08362768829809436, 0.0, -0.69007940937348988, -0.18575811957773367, 0.02554116329969541, 0.1030520655723778, 0.33278485514991385, 0.0, 0.42768005466405146, 0.42239940727260389, 0.40586483561981873, 0.0, -0.20193495412041865, 0.0, 0.0, 0.11119482250794237, 1.0661672320366344, -1.9437746526016444, 0.86463305005316327, 0.021387240013689631, -0.085529452542975337, 0.0, -0.73206352018733267, -0.8592833139562932, 0.27481784401724862, 0.4446421695253584, -0.78619100626432914, 0.0, 0.0, 0.28893771953991759, 0.20895164581611875, 0.91522138579240808, 0.2973820216027227, 0.021595433651204202, 0.73472456131658259, 1.2023111659288608, -1.2940156813327839, 0.43744016034599797, 0.5530194245288238, 0.31179624886152169, 0.47155750664514245, -0.14510174973919593, -0.043598837610058248, -0.21769105688544974, 0.25847066898369597, 0.15356603242146746, 0.071794682104105667
0.78522721633947856, 0.051497326065272263, -0.83758623062436477, 0.80419442525404894, -0.077405002471422193, 0.0, -0.55997201995508505, -0.71007849112315835, 0.73754980285623495, 0.0, 0.47204958895931937, 1.013765377447148, 0.0, -0.087896392394015282, 0.0, -0.70063768270417515, -0.21024437968939341, 0.045949252920964627, 0.11027331443605866, 0.3319917143990504, 0.0, 0.44952388814356931, 0.43172685985267167, 0.42442074911828159, 0.0, -0.21718669692385878, 0.0018697975958893633, 0.0, 0.11056088726574662, 1.1151334232896299, -2.0286663874676845, 0.91243913111732433, 0.030836481997597229, -0.096314109443600526, 0.0, -0.74953559401854619, -0.89212650940797555, 0.28781224087584029, 0.46378771469092944, -0.81446335725114449, 0.0, 0.0, 0.30851907875921547, 0.20258134684036458, 0.93983764267345904, 0.31191685625083038, 0.032992877156439789, 0.76516939085200042, 1.225216644503768, -1.3489007898314764, 0.44452065348297704, 0.55923678619269168, 0.33740921669270951, 0.47837997435306245, -0.14246410747179142, -0.05856796563110378, -0.21514585035501921, 0.27029550549370068, 0.15295794985992928, 0.077231356909874871
0.79916793519903884, 0.064308902418262745, -0.8691012131345548, 0.83525522492140369, -0.095931651335654622, 0.0, -0.57415956861337336, -0.73922446369098582, 0.76879837888955438, 0.0, 0.47307304459404992, 1.041696696033831, 0.0, -0.0921901124655682, 0.0, -0.71059771319782128, -0.23745815522426747, 0.070535985636185156, 0.1152009665326155, 0.33174541275757863, 0.0, 0.47256764133257845, 0.44159327903389839, 0.44284973314495496, 0.0, -0.23665716660948846, 0.012709402882097527, 0.0, 0.10674668870533287, 1.1665054931722725, -2.1160401747069977, 0.96068249884714352, 0.04174481756890347, -0.10474909560960154, 0.0, -0.76743570474896128, -0.92639569014311907, 0.30179008710038491, 0.48444751051437029, -0.84485624975833662, 0.0, 0.0, 0.32677506965646841, 0.19676937091102981, 0.96348042503395204, 0.32691588420881085, 0.046072800188530612, 0.79600673111394027, 1.2496662841762116, -1.4049518557547889, 0.45187150531539444, 0.56499988287471359, 0.36402233068063694, 0.48482108399582347, -0.13886173055066925, -0.073141622920241553, -0.21299659789419409, 0.28267854396382852, 0.1526601200363055, 0.082950394715192471
0.81279131820764217, 0.076911089531830748, -0.90018800288182754, 0.86595602925120085, -0.1144916620571077, 0.0, -0.5876395537381659, -0.76818276435321664, 0.79888429239489234, 0.0, 0.47592290928713016, 1.0723657500881976, -0.0068867039891212841, -0.093789589654402691, 0.0, -0.72032708487456165, -0.26651460848567748, 0.099109224885472177, 0.11761303243050983, 0.33128657984030657, 0.0, 0.49720978136479721, 0.45151574076235002, 0.46176156417532133, 0.0, -0.26141671783826986, 0.02849384828869627, 0.0, 0.10137636324008811, 1.2197166524420269, -2.2049354468678319, 1.0087350813995255, 0.05268599979078567, -0.11112149926701735, 0.0, -0.78578044507811462, -0.96166434908135301, 0.31638589033153258, 0.50608651953618256, -0.87672622036301129, 0.0, 0.0, 0.3458196351068048, 0.1915515419871168, 0.98506704372869724, 0.34254664256106432, 0.059811600460061141, 0.82630604980645128, 1.2751371321983558, -1.4609836821275153, 0.45960021149442676, 0.57018449444319341, 0.3909514185629871, 0.49077246087267512, -0.13490148578472322, -0.087287732759409764, -0.21178277518371016, 0.29502822505855375, 0.15203976800282701, 0.088303958811101271
0.82596013761193332, 0.089157266734943535, -0.9308207094027976, 0.89590544852454701, -0.1327083407106045, 0.0, -0.60087853491560228, -0.79772091042030346, 0.82854615155945666, 0.0, 0.48083671506522851, 1.1072493377822923, -0.022895352817855534, -0.091314141652338421, 0.0, -0.73049232586614132, -0.29748946099204865, 0.13117635383361692, 0.11820207092826361, 0.33054182361295475, 0.0, 0.5234274644399588, 0.46050771442669441, 0.48122919420850102, 0.0, -0.28951131657937795, 0.047486370309956005, 0.0, 0.095246207531942587, 1.2741481903571701, -2.2949423447672657, 1.0566882745305284, 0.063454286570385002, -0.11587245727210227, 0.0, -0.80508784186351623, -0.99730529649195221, 0.33158529005880943, 0.52813446464127911, -0.90987871478939686, 0.0, 0.0, 0.3657860856812889, 0.1869248527900462, 1.0050067248580477, 0.35879289139979881, 0.073706529414749075, 0.8555498281686128, 1.3016725226768009, -1.5164816711372797, 0.4681199157823549, 0.57492157508529007, 0.41745193133167979, 0.49644932961400212, -0.13052489582035529, -0.10085754808146027, -0.21142713871759722, 0.30737331563612824, 0.15192277668482357, 0.09312790512459318
0.83431452780992843, 0.099767058512810786, -0.95555032310421006, 0.91814521150449224, -0.14753868271949741, 0.0, -0.6111043335371128, -0.8213329528828438, 0.85254922684648071, 0.0, 0.4867345954299202, 1.1367538306728242, -0.040411434288202874, -0.088100763231023185, 0.0, -0.73857711594107811, -0.32210345657745998, 0.15808757146445607, 0.11790810862026117, 0.33030249303670478, 0.0, 0.5448446956419728, 0.46651785863617279, 0.49677083217595691, 0.0, -0.31262061855176687, 0.06444608986874488, 0.0, 0.091342506625446171, 1.3156790868689086, -2.3645248993223809, 1.0942615018094421, 0.071972849579553105, -0.1194754971637539, 0.0, -0.82088526907374049, -1.0242236770119157, 0.34485114295049873, 0.54523168154416934, -0.93653706330061426, 0.0, 0.0, 0.38281584629416771, 0.18324657886754117, 1.0194617344281116, 0.37174453393349299, 0.084933518333069169, 0.87708576974529895, 1.3220407039560202, -1.5597377222096969, 0.47704513463921416, 0.57813462002795457, 0.43794853742826645, 0.50117979912206745, -0.12752384531848776, -0.11110266522529198, -0.21166305263762394, 0.31762212834241882, 0.15270659333635475, 0.096505454374991001
0.8502863791908003, 0.11076413710098287, -0.9878289453066853, 0.9498746199416146, -0.16710948298891487, 0.0, -0.62398077802638985, -0.85340503578753413, 0.8812373483956002, 0.0, 0.49364166500474177, 1.180669432005059, -0.066746482728683817, -0.081236378992666239, 0.0, -0.74999471935773487, -0.35770618097659473, 0.19657726794626754, 0.11687610778653321, 0.33099383290246709, 0.0, 0.57609755602681167, 0.47403352186358472, 0.51811429960605659, 0.0, -0.34682801825065757, 0.088496962734185794, 0.0, 0.086234751159454545, 1.3724707540507999, -2.4597585025824245, 1.1442738199113998, 0.083199827433445755, -0.12380810195785041, 0.0, -0.84660806097515773, -1.0622214218032495, 0.36343791404462361, 0.56854583749533294, -0.97337042111555661, 0.0036765646190897784, 0.0, 0.40491955508204347, 0.18077195698393753, 1.0405047545403181, 0.39054912659971203, 0.098766217957222097, 0.90666665123356394, 1.3507347381668338, -1.6184351410374029, 0.4882256378900956, 0.58350940413710928, 0.46421671592834979, 0.50660354783745543, -0.12251526123236713, -0.1256576893735051, -0.21248780557078048, 0.33128232623997261, 0.15254356562469368, 0.1006129561439133
0.86211209724782378, 0.11927134220749734, -1.013574400817959, 0.97235649736252849, -0.18213527042830521, 0.0, -0.63445759950361924, -0.87833762272880123, 0.90469942197792896, 0.0, 0.50055069674464803, 1.2159562215861308, -0.089609799934856668, -0.076223580582707992, 0.0, -0.75945909153333857, -0.38597953350666253, 0.22654904644527346, 0.11519384608965103, 0.33176220842824589, 0.0, 0.60172143764439312, 0.47825494106646826, 0.53474364960282017, 0.0, -0.37283496588030646, 0.10812592476137974, 0.0, 0.082713952528323795, 1.4156914994151009, -2.533491650808434, 1.1826685018998264, 0.092265154680822331, -0.12618580520004538, 0.0, -0.86533022658897418, -1.0911178094334477, 0.37741184231479563, 0.58526487839768737, -1.0036632229855327, 0.0092363372846301622, 0.0, 0.42121161523168954, 0.17902100919183947, 1.0552264164495515, 0.40487066602886279, 0.10913261623626662, 0.92927548749966182, 1.3735710461316035, -1.6642363123993216, 0.49965360375996815, 0.5868821838537589, 0.48533614580606049, 0.51142951273379034, -0.11834215061654392, -0.13602250290471871, -0.21299421333686078, 0.34193447052006321, 0.15225693585744574, 0.10340536390731393
0.87874936582751795, 0.12973103542377501, -1.047034504275262, 1.0028547670878414, -0.20077727937620643, 0.0, -0.64704034586154835, -0.91081341190818244, 0.93317926765513481, 0.0, 0.50780186332229105, 1.2669548960822725, -0.1217757784033645, -0.067561256046764856, 0.0, -0.77170178997018002, -0.42621643899581763, 0.26788801453140926, 0.1124069844539872, 0.33398019938069629, 0.0, 0.63787655785424002, 0.48374977171718048, 0.55714698394180651, 0.0, -0.41149257488217517, 0.13528390529783449, 0.0, 0.078029421834256693, 1.4755784034500279, -2.6328685095778859, 1.2337816043405352, 0.10337374448308724, -0.12937942672937056, 0.004036918016033092, -0.89525090067832003, -1.130397293257132, 0.39719939221582673, 0.60860282938886523, -1.0465291777406533, 0.017315930836173311, 0.0, 0.4423207122137166, 0.17817294884960552, 1.0748679697716335, 0.42527389475671101, 0.12202285659907863, 0.95987817723952418, 1.4064947810276502, -1.7261931337117544, 0.51348918393080056, 0.5915200893183129, 0.51241201720517648, 0.51648883443414961, -0.11309877938367567, -0.15050929983528993, -0.21413648076797961, 0.35648475919327327, 0.15234435007422831, 0.10688401603995903
0.89314453403727367, 0.13577248301890815, -1.073523135059695, 1.0238575507134169, -0.2148494885673479, 0.0029903975806984768, -0.65937630075859477, -0.93539434337324467, 0.95534124762792905, 0.0, 0.51474550311400935, 1.3069848522796863, -0.14732667521827961, -0.060723701057558511, 0.0, -0.7818825219483978, -0.45793486630793701, 0.29940323505499261, 0.10924349883565206, 0.33530496725155395, 0.0, 0.66677764676893181, 0.48699850502498326, 0.57453434741639053, 0.0, -0.44040642251254492, 0.15652396637168184, 0.0, 0.073816804077319928, 1.5214005450723045, -2.7094130217817454, 1.2728554585462826, 0.11163293013063194, -0.13278966338291859, 0.014030700934137694, -0.92157528330191574, -1.1587829040198616, 0.4121096306587787, 0.62568256367761044, -1.0806819864511013, 0.024282777190054512, 0.0, 0.4580331301092127, 0.17746760096533842, 1.0874798190387829, 0.4404988511807873, 0.13241184254521013, 0.98392778322246632, 1.4328299278196766, -1.774909438225043, 0.52657359912147106, 0.59461801625016575, 0.53385000609992561, 0.52153786459290652, -0.10895075684205838, -0.16152500032121242, -0.21498659234525949, 0.36694295701316948, 0.15221229814332649, 0.10911663755419128
0.90914090731398089, 0.14459866353678041, -1.1101460845390199, 1.0515397713573451, -0.23527877413611617, 0.01488656272969496, -0.67825209263198094, -0.96566080676195487, 0.98235840940666708, 0.0, 0.52203961943386834, 1.361901994428441, -0.1813813392082908, -0.049262412670358864, 0.0, -0.7949326354790669, -0.5030410851614302, 0.34222395183449444, 0.10464514945454806, 0.33772868313285032, 0.0, 0.70519013786156359, 0.49175174549267608, 0.59872492476870309, -0.0026780980509697699, -0.481167560072565, 0.1837118676490728, 0.0, 0.067024923070249168, 1.5857046178841789, -2.8127118739034911, 1.3258305670216926, 0.12164979226213531, -0.14145109240440359, 0.033002278808795749, -0.9602595216010531, -1.1959697619212779, 0.43342841355675132, 0.64926542350308125, -1.1274190268590563, 0.032568566938523016, 0.0, 0.47864139481149343, 0.1774719569432929, 1.1019772277819304, 0.46218865425530076, 0.1453956412263549, 1.0152404606188639, 1.4711498392293327, -1.8400177948257717, 0.54044627038655857, 0.59770775332910109, 0.56168016212903304, 0.52719197845599752, -0.1041360562752203, -0.17678844241192723, -0.21578019402265261, 0.3802489207626103, 0.15353832575154527, 0.11235265805536802
0.92656246511167983, 0.14717068469958536, -1.1390749066187418, 1.0707473948625019, -0.25068916241122263, 0.026143605342293527, -0.69609537742354821, -0.98886334452092794, 1.0027672231860587, 0.0, 0.52951007118180105, 1.4042143576249486, -0.20641723920331928, -0.03970109747486758, 0.0, -0.80538475308476687, -0.53828481407433015, 0.37454756044019089, 0.10060196072096757, 0.33823247112781452, 0.0, 0.73479733757854415, 0.49523887873674699, 0.61799258102237087, -0.0062903842698536728, -0.5089360158368168, 0.20379847837813325, -0.001676161833157466, 0.06230328489996232, 1.6352685547855215, -2.8921773591786173, 1.3663652952768395, 0.12928244976063197, -0.15108764675783601, 0.051557622661120253, -0.99152434225464903, -1.2228534447154127, 0.44986102867307037, 0.66680344648896817, -1.1631019114805152, 0.039470774346146612, 0.0, 0.49384756201279312, 0.1775988714695296, 1.1113593724581505, 0.47876253020429976, 0.15550114640608467, 1.0392368402331229, 1.5020734533202962, -1.890927330524278, 0.55235969079115177, 0.60032349633026016, 0.58342809714270427, 0.53284463393169912, -0.10038019406669067, -0.18867759702097869, -0.21647628238751362, 0.3891481745388386, 0.15378885414672472, 0.1143532039718945
0.94270373112159411, 0.1552232286664369, -1.1788423921665543, 1.0971980862060535, -0.27260186071278503, 0.044230521340216829, -0.7194202090017896, -1.0176257452589088, 1.0287126424594226, 0.0, 0.5372784660315244, 1.4611915366471537, -0.24050559911545796, -0.026404667921516932, 0.0, -0.81867976744625326, -0.58786772363671858, 0.41797613162836422, 0.095744700601346225, 0.33993673008849756, -0.0023110410773282261, 0.77456337364218386, 0.50089709318550313, 0.64539606560366525, -0.015396000525254451, -0.54480036640877072, 0.2301205116613286, -0.013415159630759458, 0.061449617156145719, 1.7021740741377576, -2.9984227922809334, 1.4223727000465136, 0.13950097634501435, -0.16774160876920532, 0.080470985016795796, -1.0364754221898382, -1.2576507690316217, 0.47247256440347191, 0.69081102483700652, -1.2108929148766225, 0.048720749929668024, -0.0094104793875791903, 0.51921102461814828, 0.17644030579657893, 1.1238961775774619, 0.50218103610803877, 0.16822169518864724, 1.0687326447731667, 1.5454690216496403, -1.9591585696531342, 0.56421002338074644, 0.6046788554678818, 0.61192240912292206, 0.53897860373196138, -0.096041197204237816, -0.20487467116786934, -0.2151434556603336, 0.39945018477220945, 0.15598632718720223, 0.11844342984344637
0.96258281320608174, 0.16233039836455296, -1.217979008649575, 1.1213229100157669, -0.29278052773007546, 0.062703576666993457, -0.744830560101994, -1.0458300684742856, 1.054776441899179, 0.0, 0.54425168814468794, 1.5179598227131783, -0.2705624834421862, -0.012974921897039526, 0.0, -0.83126355868490087, -0.63837761654501901, 0.46050305202960207, 0.090729552704300248, 0.34153934589891677, -0.013765803600274122, 0.81928373911810937, 0.50462406533232407, 0.6730144642460042, -0.025216579424118431, -0.57706363068925337, 0.25899450790117734, -0.032016719197030863, 0.063665176544699359, 1.7683940120806383, -3.1067366329296782, 1.4779309330760613, 0.15155382649922783, -0.18779495402672108, 0.11390947209850767, -1.0831556930305601, -1.2896347127009329, 0.49351657699317336, 0.71446360821429422, -1.256838647394682, 0.060224542935611393, -0.025742198507172714, 0.54649874850203539, 0.17232513381839018, 1.135743748571467, 0.52456913216106638, 0.18375293239310908, 1.0965622900484955, 1.5903402102774968, -2.0287093904157194, 0.57447274237595214, 0.60952192227529811, 0.63983906378556432, 0.5456043108723253, -0.091347727973835058, -0.22129124755554705, -0.21306821821455837, 0.40869654025867036, 0.15730238757193471, 0.12249232689967587
0.98466249349181634, 0.16883311203524937, -1.2575509940232228, 1.1459270961284553, -0.31413323334232063, 0.083670864232653311, -0.77007100326409705, -1.0725027781241248, 1.079847543130614, 0.0, 0.54875332381419428, 1.5735411614306669, -0.29885519209423533, -0.0016712082071598904, 0.0, -0.84251323658229915, -0.68876490398081625, 0.50311969665197132, 0.087417720575210814, 0.34509213956995166, -0.031864179584355605, 0.86631675908216832, 0.5070223999034843, 0.70134050602396403, -0.037749404090345842, -0.60807583810710242, 0.29123612805853683, -0.054772465521666362, 0.067574994746116196, 1.8358024863556845, -3.2154830451373271, 1.5322960348115531, 0.16475113752938833, -0.21159102620586359, 0.15127721639542879, -1.1311019238516584, -1.3192540334467751, 0.51450834459007266, 0.73786217999869208, -1.3019685873507321, 0.074688957955972177, -0.04631670896727947, 0.57634311638890245, 0.16629359882556485, 1.1452065997300436, 0.54445184001403735, 0.20111354854661989, 1.1218939347541181, 1.6366043002070436, -2.0985952864822508, 0.58400392684333147, 0.61451741446034636, 0.66643385418602352, 0.55174620521753537, -0.086087279648000073, -0.23685938899776596, -0.20992992107116665, 0.41715204740221679, 0.15724189544208164, 0.12609335213313774
1.011104709228974, 0.16791749677294365, -1.2886597208941906, 1.165630570971586, -0.33077718763976127, 0.10100538238780918, -0.79095580494767537, -1.0928802274445846, 1.0979104555010091, 0.0, 0.55313275619349422, 1.6164911204252497, -0.31808359651942264, 0.0, 0.00070531917764765563, -0.84877220709366719, -0.72669316586791666, 0.53535926136517231, 0.085923374531828578, 0.34822552077248953, -0.048778512730119197, 0.90403603296507007, 0.50783855316894599, 0.72381559117547667, -0.048825799770589047, -0.62967984578264291, 0.31875002961200311, -0.074289604194028205, 0.072210242388629026, 1.8862873593929834, -3.2983897627161292, 1.571982414153096, 0.17551240076559232, -0.2332674763939096, 0.18055757616887314, -1.1694958200299197, -1.3408547380642848, 0.53134612932565783, 0.75540827484030582, -1.3357423398274959, 0.088296935986799718, -0.063857897800238095, 0.60205186595271831, 0.16173657202926439, 1.1515467517111699, 0.55803289614671536, 0.21513650712426063, 1.1420220489916206, 1.6723895963120439, -2.1541108778422218, 0.59349427958445922, 0.61942056293827252, 0.68619821842487794, 0.55736110749729628, -0.080099797756132948, -0.24847200775264955, -0.20757462939212792, 0.42317251619421303, 0.15483624888049033, 0.12752594155919375
1.0319790598408816, 0.17725869342826905, -1.3329914989387786, 1.1934975294820682, -0.35616662821676026, 0.12348317544573979, -0.81522312831240129, -1.1182302162182431, 1.1219633964587108, 0.002097973806582846, 0.5545435020351267, 1.6728284984352866, -0.34119755521949807, 0.0, 0.0067725501638383478, -0.86116657726608192, -0.77953436288886224, 0.57733837230362428, 0.085823429816047098, 0.35882051420066569, -0.074740850134225448, 0.95546330599482188, 0.50805905630571002, 0.7568757299543053, -0.066703060843441436, -0.65956605674707935, 0.35625318432317143, -0.10350382623218152, 0.080455140477890444, 1.9542456000188932, -3.4099520214042092, 1.6263833587205778, 0.19415356349433971, -0.26366446360757523, 0.22117290074899615, -1.2237311694214055, -1.3700610111560161, 0.55345476172513353, 0.77840330336101504, -1.3816295410075041, 0.10690895339349671, -0.089842644277710632, 0.63994585960817629, 0.15536020559430602, 1.1606218103808816, 0.57763510261806861, 0.23195489539679101, 1.1660054179812607, 1.7213607724414584, -2.2272572847305043, 0.60482181374807309, 0.62464610888395067, 0.71346709099967243, 0.56280390654589163, -0.073549308610294462, -0.26373803792484141, -0.20175083051410653, 0.43174827439221031, 0.15476388752428369, 0.13060870020562915
1.0572948415081829, 0.18387450388099819, -1.376371669441216, 1.2191550069134232, -0.3787025296844943, 0.14432992374766393, -0.8426767294151547, -1.1432408997555581, 1.1450303478268515, 0.009009721272436105, 0.55418247844845803, 1.7306435657000503, -0.36271722987206007, 0.0, 0.017716864741498296, -0.87699037411415548, -0.83031929645907576, 0.61689075286870554, 0.083762639131875247, 0.3716172958230729, -0.10364331255613894, 1.0094197487499994, 0.5061636223212469, 0.79137280925550002, -0.083136768462561933, -0.69003673736666038, 0.3956446686987683, -0.13435968725994463, 0.09005368493441232, 2.0222098648013453, -3.5216731861638775, 1.6790782330612479, 0.2137843686312573, -0.29591295202786649, 0.26442404555191296, -1.278065763411276, -1.3983358280889397, 0.57379384952988044, 0.80060878810023184, -1.4276903100760865, 0.12689985128930961, -0.11650978795252799, 0.67795242082153817, 0.14899939850666596, 1.1689900136607454, 0.59821986393276039, 0.25029505728571111, 1.1905270098035705, 1.770028098924425, -2.3024203019071701, 0.61594423223474559, 0.6311452931538768, 0.74059075633613625, 0.56862534615854643, -0.066953330803242977, -0.28102055653034824, -0.1976401875042906, 0.44045092978084793, 0.15444905073250423, 0.13396024389516062
1.0836182280561453, 0.18914175724814247, -1.4202016772275237, 1.2461241552854865, -0.40215251813099356, 0.16781109330263069, -0.87042161777303884, -1.1672025849308141, 1.165025247172746, 0.017741820695189797, 0.55184138125794624, 1.7888950296095776, -0.38522503523275775, 0.0, 0.029247093777247775, -0.89490732544959273, -0.87903419460348864, 0.65559575460268349, 0.081297084411914064, 0.38725691573635801, -0.13442974216144477, 1.0640886321260099, 0.50271057608503422, 0.82714421873726396, -0.099700873653270294, -0.72183847525037637, 0.43594405500088806, -0.16653572697354568, 0.099592878627291034, 2.091475791929942, -3.6328413069400716, 1.7307114666864039, 0.2345992987372123, -0.33133044936925671, 0.3096148878807406, -1.3320702741822834, -1.4259253608766014, 0.59434240193729126, 0.82303609881902617, -1.4740916065629825, 0.14772039611639809, -0.14492053119947007, 0.7170239724485713, 0.14296849858204524, 1.1757039449141231, 0.61789934511452338, 0.26829363652911192, 1.2151314194442577, 1.8197862222326626, -2.3779822725698954, 0.6264248034772022, 0.63835876036293204, 0.76740414946606461, 0.57482294357201491, -0.059741260690721235, -0.29818092852631606, -0.19337445859997066, 0.44904485407232514, 0.15232828536056334, 0.13747089248338476
1.1176491246704163, 0.18385837506708416, -1.4545048730674084, 1.2670939027317236, -0.41951975904481681, 0.18726975004888452, -0.89414554682894543, -1.1858032326108425, 1.1771768906511957, 0.025249995608110854, 0.5506334964739078, 1.8349447379068062, -0.401117651921437, 0.0, 0.037565178519990299, -0.90931774820255262, -0.91433137041884627, 0.68437484112494285, 0.079317475114134103, 0.3983528560008851, -0.15878158024542657, 1.1073883631914896, 0.49892793012093484, 0.85453085685906638, -0.11219944276295253, -0.7448908078818488, 0.46827385998729293, -0.19151432368525934, 0.10762964447370303, 2.144353351215202, -3.7175245568340101, 1.7682513221533616, 0.2508402274619474, -0.36117638993695284, 0.34358091743211638, -1.3737322249440147, -1.4467872656348586, 0.61084342445625228, 0.83947432045833448, -1.5090323044187202, 0.16545375672439186, -0.16739385229279172, 0.74798910186478895, 0.13997842664071189, 1.1814643794953055, 0.63201477700341857, 0.28150875307933954, 1.2353751240506614, 1.8582078212541098, -2.4383709297683724, 0.63557866245941552, 0.64700729308494431, 0.78683210234283685, 0.58074387853658904, -0.052870855458599895, -0.31135808898415618, -0.19070369169601376, 0.45527597636682504, 0.14764972792022971, 0.13923478322288377
1.1399424436048777, 0.19358174441264539, -1.5027445089938605, 1.2957228305237005, -0.4463847852635518, 0.2131512258972475, -0.92246165789203083, -1.20774318613766, 1.1936973593890499, 0.037166333520195868, 0.5447772801552595, 1.8953430547270576, -0.42465713321436371, 0.0, 0.050508716481246038, -0.93107030809220415, -0.96212034386946876, 0.72184332711078081, 0.0780643341047286, 0.41960997455044263, -0.19234218982187698, 1.1647080932601233, 0.49253853075787096, 0.89327313891462168, -0.13008938877277379, -0.77736393609356746, 0.51037845495637102, -0.22663587535755858, 0.11739170911442595, 2.2157546669254917, -3.8304960547061322, 1.8205561325529851, 0.27643554712984653, -0.40223578210754868, 0.38937430976267423, -1.4311839510943642, -1.4752294305345648, 0.63300827976583218, 0.86189502031874055, -1.557004349390906, 0.1888429415279676, -0.19949928243690199, 0.79061924299184139, 0.13473508861713293, 1.1902604816072884, 0.65430619855445615, 0.29681294193243896, 1.2585181626451114, 1.9107023094126299, -2.5162021603027158, 0.64622353856792991, 0.65553882434261035, 0.8138460081897968, 0.58662694405691529, -0.046337073604943525, -0.3283153770448447, -0.18428049876717378, 0.46566273158483729, 0.14512859031516598, 0.14330090156925337
1.1769005279908835, 0.1877130493602793, -1.5382788219329404, 1.3159529503946108, -0.46329671280095991, 0.232917223239268, -0.94862098678138318, -1.2259027304923826, 1.2039679242943997, 0.047176409668915474, 0.54270904832371802, 1.9443151300988044, -0.44025966580259945, 0.0, 0.060069919008645958, -0.94771886460450727, -0.9956885351223782, 0.74913812929356216, 0.075450845138942083, 0.43381551527880852, -0.21882945107885393, 1.2107315361326945, 0.48683453261373599, 0.92217444669456572, -0.14213688422709284, -0.80064399768797612, 0.54443079144985496, -0.25253004631444786, 0.12656309774563662, 2.2697492031250421, -3.9169944799117284, 1.8575599102058082, 0.29623397037086707, -0.43458077335505391, 0.42383360317277446, -1.4750219265475049, -1.496790136123104, 0.64981510718815627, 0.87827062856963545, -1.593039391329605, 0.20844205232691088, -0.22374290576151501, 0.82306881651698394, 0.13191425652762717, 1.1971177021224109, 0.67130321510907232, 0.30964944274637862, 1.2781729912537318, 1.9500717145805002, -2.579447469849685, 0.6563133452132518, 0.66538469102033149, 0.8332387674766496, 0.59262417131765588, -0.039599508294294129, -0.34279851941863099, -0.18215587913857245, 0.47355451020696909, 0.14048434483726646, 0.14547195224666334
1.1992731418271692, 0.19835648838352429, -1.5880901705598627, 1.3453527017967257, -0.49125446126458117, 0.26064188668664895, -0.97802931519314718, -1.2469366566135054, 1.2177908857736879, 0.061112748677579126, 0.53491307537239385, 2.0075549929907952, -0.46475719407505617, -6.1614461981378117e-05, 0.072731254355529379, -0.97187571645636428, -1.041057991941772, 0.78538935911155572, 0.073666573474682542, 0.45964958984598964, -0.25447585584706145, 1.2705899947039374, 0.47820307358278574, 0.96261447099928887, -0.15988137839865751, -0.83440778205350152, 0.58802694106587583, -0.28842838742938431, 0.13670369786181474, 2.3431716295617573, -4.0316395997384227, 1.9091656474438263, 0.3258332992193434, -0.47924316487405205, 0.47097582563992824, -1.5338626191148923, -1.5257307438738019, 0.67270504879568216, 0.90049439928876207, -1.6425469331640552, 0.23364586418103109, -0.2591586343447525, 0.86790384292598743, 0.12659144039077189, 1.2056369432501632, 0.69603062497686863, 0.324978600405329, 1.3011506534003867, 2.0042708463036334, -2.6600788902166586, 0.66744156191374648, 0.67514890193278421, 0.8605655359728055, 0.59891091743571379, -0.03300960441329321, -0.36036437898344886, -0.17561570739202811, 0.48555484692117262, 0.1371672249050844, 0.1500453369763296
1.2277807561641327, 0.1816617829228426, -1.6001115048269161, 1.3508936170541757, -0.4957275714042218, 0.26668185932128885, -0.98986263568225752, -1.2538663320677639, 1.2205413332858794, 0.065608874229533848, 0.5361115495747617, 2.0265723908195512, -0.46967813689716903, 0.0, 0.074383193994645325, -0.97803464875761603, -1.0510893329291195, 0.79450764490939985, 0.072779531574521036, 0.46393625563902019, -0.26359099679533665, 1.2893221881541572, 0.47765948750930259, 0.97357979628786118, -0.16253621651507805, -0.84017549783495082, 0.60159910045100762, -0.29719697631911601, 0.13991840040290746, 2.3615648341450117, -4.0619025401888695, 1.9206347683679268, 0.33254158401989103, -0.49128809352779201, 0.48329464670335615, -1.5487515369460381, -1.5322193987713257, 0.67917184199382241, 0.90542439868969715, -1.6558853509830405, 0.24165857449210901, -0.26742715596304589, 0.87931102177246689, 0.12595413416535678, 1.2086864593870177, 0.70194764537288368, 0.32932624904794128, 1.3088420614902925, 2.0175889390100945, -2.683955611764933, 0.67416162583816996, 0.68199987063078382, 0.86646843992336142, 0.60095387446359816, -0.029515111153555477, -0.36643208812926359, -0.17539077790074498, 0.48801071937985702, 0.13401350367978401, 0.15047931609831838
1.2498611366133243, 0.19863020404311202, -1.6556971330694406, 1.3837148813426332, -0.52651711641827204, 0.29848535281504734, -1.0213756175075284, -1.2749064114756687, 1.2321792402536027, 0.079611220231697144, 0.52653181082091127, 2.0942335846410232, -0.49507825989857462, -0.00051194180225706929, 0.090628899498233342, -1.005186457769607, -1.0958464803405192, 0.83208253525249776, 0.071098523898922211, 0.49127440041879988, -0.30238456242077816, 1.3526785537653578, 0.4664895873939523, 1.0153226163245779, -0.18375580874846689, -0.87482495969258167, 0.64745193417370372, -0.33474383158117543, 0.15360851150437901, 2.4378106495923468, -4.1811466318291011, 1.9745298997914198, 0.36583647405919772, -0.54054151455651844, 0.53095072289305156, -1.6129677000423861, -1.5635633554442594, 0.70608690101487126, 0.92957105854653899, -1.7069268692635959, 0.27120946822105646, -0.30664176765365114, 0.92841818004627108, 0.12069721666083251, 1.2182681319409019, 0.72878681358380981, 0.34559551431225999, 1.3329021256559328, 2.0746628525250488, -2.7717404828409791, 0.68366267143984416, 0.69286320590342321, 0.89472982027401549, 0.60932439610353306, -0.023218404159001123, -0.38432001836673069, -0.16887940184503658, 0.50333439826913995, 0.12939968787688061, 0.15473950249757837
1.3121784065815822, 0.16976675235526864, -1.6804719289148369, 1.398136176311312, -0.53699576370436841, 0.31181516454567287, -1.0455739711826011, -1.2890037527767422, 1.2348475191401709, 0.088351572478582524, 0.52712984097405169, 2.1344866730430012, -0.50404483767001396, 0.0, 0.094087253653484457, -1.0183108716832214, -1.1163494980819157, 0.8503636794378957, 0.069650713419613444, 0.50075022100653277, -0.3225226442013121, 1.3906584117821528, 0.4643002204733892, 1.0370565657891349, -0.19199036217644241, -0.88830689741501589, 0.67459815474245444, -0.35329686492370033, 0.16085882593440834, 2.4757848930020891, -4.24324412834412, 1.9977899026813053, 0.38146639290864048, -0.56635149457993517, 0.55347001874679402, -1.6459459841565611, -1.5793682020088355, 0.71972820068970011, 0.9391726472102192, -1.7332263976530968, 0.28807025653298829, -0.32649368814533619, 0.95444116001357582, 0.12136359207177042, 1.2259998016775733, 0.74141889106611014, 0.35321608216979944, 1.3499463593363805, 2.1028954664085457, -2.8231279797886297, 0.69426270947226087, 0.70889996894843954, 0.90657105037495822, 0.61394069401277007, -0.015516149703805415, -0.39645726473976872, -0.16927987883808812, 0.5082719592475845, 0.12184316486427935, 0.15517632648259846
1.3221209062582413, 0.19622546198576596, -1.741144906728546, 1.4345376084671029, -0.57204982243886926, 0.34609268371013963, -1.0744055473834302, -1.3084208305944647, 1.2458956618697905, 0.10480954816710623, 0.51188064401298727, 2.204633654562826, -0.53158450076522046, -0.0032003948246470551, 0.10852732811226758, -1.0473279333561245, -1.1631634341768273, 0.88734179448796779, 0.070325581524959158, 0.53253423530380373, -0.36179363546285742, 1.4554706893222846, 0.45020744667419427, 1.0810956028328165, -0.21257787369691905, -0.92359839211499639, 0.72016883995096936, -0.3927644747112235, 0.17242785485618364, 2.5544185067484864, -4.3662380455708485, 2.0525367180016185, 0.42009283510450834, -0.61818851390368224, 0.60093509890296037, -1.7121573515110275, -1.6131030574637899, 0.74696068126619131, 0.96091705629944524, -1.7872207216636804, 0.31747759318343116, -0.37248798659232796, 1.0081740363759002, 0.11655444755575035, 1.2382057878404324, 0.77134864062561026, 0.36780408195120529, 1.374581202776191, 2.1637903261441402, -2.9130999074139199, 0.70491614752053999, 0.72021168318047779, 0.93679164548798621, 0.62245786190046082, -0.0091173104792149993, -0.41251809003728729, -0.15927411912882952, 0.5245271770489448, 0.11652485506463052, 0.16056264002702114
1.3560001649690319, 0.17707233200526259, -1.7538348137497579, 1.438488807500607, -0.57558289707896215, 0.35118343652586692, -1.0880040167239193, -1.3157803404870585, 1.2485246452651206, 0.11113901848284928, 0.51297836756150594, 2.227123113634375, -0.53556002926102497, -0.0036565134130424636, 0.10997959268254501, -1.0549229482698759, -1.1729258295005298, 0.89605114978575828, 0.06945430323704635, 0.53787200358191423, -0.37196794607761524, 1.4770631982633786, 0.45033373212080957, 1.0934299273426891, -0.21508533491971432, -0.9289458552707367, 0.73524487643400305, -0.40189241757813488, 0.17628948572452283, 2.5732523609627713, -4.398690941181215, 2.0639085044769976, 0.42899676978874474, -0.63127413379259734, 0.61310965381727756, -1.7284161591862275, -1.6202152149780085, 0.75409199316366071, 0.96578810427926187, -1.801843292693502, 0.32680627393955208, -0.3820638780006721, 1.0205434472310797, 0.11550350827864643, 1.2420229294187495, 0.77928324537390514, 0.37228281506226241, 1.3825041808698422, 2.1778668219702113, -2.9403072185002039, 0.71387769119711664, 0.72769387339084368, 0.94260243005535194, 0.62362952134025917, -0.0052252524550072477, -0.41990666763606743, -0.15979495395177076, 0.52847403169655172, 0.11405776650754811, 0.16102628379448758
1.377789923560089, 0.20080984000189622, -1.8134954397802254, 1.4707311607830751, -0.60637798951086508, 0.38464218706711789, -1.1217998737198167, -1.3364883691681555, 1.2585206129863113, 0.12864812668769929, 0.49805699457814362, 2.3032192705929351, -0.56165175800802558, -0.0042277638887917527, 0.12614080799994618, -1.085200490349405, -1.2174380262687199, 0.9327681856027914, 0.067670357405383672, 0.57016450029826338, -0.41488054103431465, 1.5455609838460242, 0.43649008472927886, 1.1377397314875473, -0.23661133668271528, -0.96530234403482074, 0.78350001910518885, -0.44070880535834472, 0.19227057091770977, 2.6542139055778193, -4.5255811050393584, 2.1177792811185299, 0.46996860818536773, -0.68454345679879658, 0.66246418617785219, -1.7955503576363669, -1.6540711069715039, 0.78289232633822614, 0.98921511636760995, -1.8565441808812502, 0.35996506977701648, -0.4279618456381542, 1.0743537307676745, 0.10914231772881708, 1.2514370966159851, 0.81066215950926113, 0.39068587093750134, 1.4072221205737616, 2.2392540564027805, -3.0362066969682084, 0.72452784103963186, 0.73976781644988565, 0.9726502842508703, 0.63321437129128355, 0.0, -0.43892666706965827, -0.15366508554589181, 0.54787912579847076, 0.10936270636814246, 0.16533744043689128
1.4152566201219559, 0.1788538474133797, -1.8258735971860842, 1.47654760684643, -0.61063022963680891, 0.39072241747031267, -1.1356382926729036, -1.3442261042517201, 1.2597722873593555, 0.13467123160592667, 0.49852992078718134, 2.3260442082701722, -0.56651181018805907, -0.0047120121764286796, 0.12765117971014858, -1.0926907517940383, -1.2267884819138137, 0.94185590142851761, 0.067134729641615237, 0.57616159332298866, -0.425544156203711, 1.5676696651840805, 0.43693189986782355, 1.15021656283346, -0.23978705589594829, -0.97084642805764576, 0.79874134376082351, -0.45021003213366423, 0.19584145980917841, 2.6742975955106516, -4.5584802486465632, 2.1289102195809737, 0.4789572829507977, -0.6987668343284027, 0.67483629952653901, -1.8121916005341876, -1.6617484193067009, 0.79054566286052919, 0.99378484849435256, -1.8717246405059522, 0.36940088436960339, -0.43882327175482583, 1.0883332023777306, 0.10884386765519528, 1.2554756748406719, 0.81790567436244321, 0.39466968946736042, 1.4161488035700476, 2.2541544094386934, -3.0639708827947794, 0.732900268083016, 0.74972114784618626, 0.97772253746905868, 0.63501519473167856, 0.0, -0.44463892649797015, -0.15262653422829861, 0.55279094033418674, 0.10500812747343762, 0.16519043270565373
1.4394002418074063, 0.20390604539295007, -1.8909657887083027, 1.5100344683649112, -0.64257230274780885, 0.42502522171070162, -1.1684276187887175, -1.3628925774551828, 1.2660289933122073, 0.15347347007631629, 0.48420773404862327, 2.4065308457422683, -0.59304809489420784, -0.0055448520488179682, 0.14120945772014762, -1.124428088973124, -1.2725130677618948, 0.97843059163118828, 0.065715403368499972, 0.61020817157930152, -0.47091989993513439, 1.636460851214208, 0.42348988682472305, 1.1974298817824727, -0.26267586907588769, -1.007948558902285, 0.84669890162959427, -0.49066961155916133, 0.21081128179212352, 2.7572346257106775, -4.6884079566073602, 2.1806800684317755, 0.52169019491365831, -0.7544551704510124, 0.72367439639029085, -1.8812271702868231, -1.6972772647717056, 0.82151291142582783, 1.0169627435134967, -1.9281485004958523, 0.40372334756898975, -0.48722731427092603, 1.1457498663376133, 0.10202372755632461, 1.2661829496387269, 0.85098567876749154, 0.41113398944778307, 1.4432886689623363, 2.3181478198200991, -3.1634194766085382, 0.74352096720597038, 0.76388313107010586, 1.0072757831052097, 0.64781590946564571, 0.0, -0.46141354065839274, -0.14577842920600784, 0.57551036462294713, 0.098799530993826712, 0.16788601618724391
1.4814969539517246, 0.17957771182179474, -1.9042782710940718, 1.5154330390161281, -0.64624949079751137, 0.43104099318399169, -1.1830085034532272, -1.3709507240900276, 1.2668238431682377, 0.15994057302047673, 0.48491227433982298, 2.4305792240980826, -0.59677973847431498, -0.0053564477124082256, 0.14255078918046424, -1.1318731431556228, -1.28194942045321, 0.98757816574713442, 0.065351688911642974, 0.61625987451398789, -0.48227288954361436, 1.6592883994063488, 0.4240348867142732, 1.2104001219776324, -0.26561727362745274, -1.0129432711879176, 0.862438620536227, -0.50008408333117016, 0.21468164803548651, 2.7779585395603159, -4.722107338152373, 2.1914382778249952, 0.53125949010912066, -0.76909144079619196, 0.73562968849620192, -1.8984077140942197, -1.7053502436510746, 0.8295138010390013, 1.0211431369261323, -1.9439537860087777, 0.41351646865247926, -0.49859867613115372, 1.1598613597146279, 0.10171568565060679, 1.2712075592001968, 0.85894325265601601, 0.41441496641692294, 1.4524614220352146, 2.3339085576240617, -3.1923977082690675, 0.7517834488345716, 0.77486317475155331, 1.0114317559160819, 0.65076347230769394, 0.0020866258225916896, -0.46887783151025181, -0.14576307992418203, 0.58070604387022728, 0.094768122761637791, 0.16782849213524148
1.5078231672903211, 0.20557557231667595, -1.9707066359676289, 1.5490379606523854, -0.67847364346514394, 0.46823753467039453, -1.2171316772433287, -1.3904129907701006, 1.2729281247194488, 0.17964514160727132, 0.46629249749877061, 2.5136356123273891, -0.62435705426928856, -0.0068055753402724945, 0.15527013484290103, -1.1632950428436244, -1.328611577978535, 1.0248347948916805, 0.065166753476658401, 0.65185787941037499, -0.52881975000319814, 1.7287505557929634, 0.40808849239152883, 1.2579970370925568, -0.28730208231971388, -1.0491801704937516, 0.91090396802220586, -0.54136517948739848, 0.2291539030965706, 2.8644279088105877, -4.8533183015573327, 2.242810367355847, 0.57643262318180766, -0.82696891592469113, 0.78518283415728385, -1.968010861959419, -1.7418416464992692, 0.86113206888396265, 1.0431995984098867, -2.0013738121776803, 0.44916340748939276, -0.55022761795163833, 1.2192375688022825, 0.094424489710542361, 1.2820026550809613, 0.89246131689152342, 0.4307246057347342, 1.4790091255653701, 2.3996971274715064, -3.2938503287322884, 0.76274711843284138, 0.79070403781363452, 1.0405005387674722, 0.66366941524043477, 0.0052640538727055063, -0.4865383463191254, -0.13914549446471988, 0.60445450690939118, 0.087781256652036316, 0.17110721671167622
1.5529601234453307, 0.1793184656345877, -1.9838338173950907, 1.5541361991397775, -0.68165557730358373, 0.47415387311089741, -1.2321865528933533, -1.3986818598922173, 1.2731513497489806, 0.18661893406142072, 0.46618187766806979, 2.5388972362500621, -0.62798629032073394, -0.0067024503385606522, 0.1559594802271182, -1.1705858230322426, -1.3383337999498808, 1.034004745336204, 0.065142943838679579, 0.65805206149278939, -0.54036124074658631, 1.7523157863151384, 0.40858241364400655, 1.2711229953231002, -0.29006713652679184, -1.0538752944659908, 0.92717093507017634, -0.55097622580007066, 0.23266354541265225, 2.8858666455783299, -4.8872318607419434, 2.253245161978457, 0.58630290741810676, -0.84241084243072994, 0.79728643725796633, -1.9850582129929693, -1.7499473611236214, 0.86944341646702417, 1.0471561397041038, -2.0172621562285071, 0.45936847955926496, -0.56231564804537726, 1.2338782771918804, 0.094154571308382964, 1.2870233992494424, 0.90036314752505975, 0.43415323967603003, 1.488256563770652, 2.41555197681532, -3.3236259476915646, 0.77144285160251658, 0.80277272977773018, 1.0444216248136049, 0.66606130527095753, 0.0095651268056169553, -0.49475747094446654, -0.13928402071604348, 0.60912510654263996, 0.083590883520777731, 0.17092621397922536
1.5960271992108848, 0.1605887108889992, -1.9989259963018053, 1.564272492736362, -0.68807397715177221, 0.48523325115659027, -1.2455496559950943, -1.4068860173119664, 1.2702885573149354, 0.19093076167577405, 0.46406713565514185, 2.564249957081838, -0.6337462207122958, -0.0068053581760374937, 0.15605794717647214, -1.1774058553246447, -1.3496800842824637, 1.0444639452441788, 0.06548400077759102, 0.66149645499710263, -0.5534765558767446, 1.7729039919723069, 0.40497532459298763, 1.2817615754956173, -0.2961465530393339, -1.0612197647902206, 0.9420265837909011, -0.56141663783954121, 0.23770347872989064, 2.909105131825362, -4.9214794169582312, 2.2640652604931626, 0.59594102214927991, -0.86005277525313617, 0.80817878006264776, -2.0035946434015348, -1.7598045710540426, 0.87917874692088316, 1.0515076631559204, -2.0313035313292311, 0.47011115867715259, -0.57701517205967079, 1.250408697419596, 0.095642094118664769, 1.290661950621383, 0.90547088373613793, 0.43758467220316982, 1.498583939923998, 2.4329270035521193, -3.3552625680116277, 0.77494500833239455, 0.81710494150156954, 1.0505403886452129, 0.67139573048079082, 0.014514898652992823, -0.49994954468344238, -0.13941476275634451, 0.6140221946233434, 0.075910180730383262, 0.16977311177024657
1.609676425696267, 0.19955568818721345, -2.073157560179252, 1.6020110671271595, -0.72576785621100426, 0.52582305685602293, -1.2767699084104289, -1.4247611461286702, 1.2768644448813538, 0.21450118681070859, 0.43414581307604161, 2.6512270910907896, -0.66202145460078632, -0.010398475042680103, 0.16785145031057963, -1.2082652619109155, -1.4016546504332381, 1.082898685085447, 0.069551301970514526, 0.70010373264001269, -0.59887767174958295, 1.8465328810961552, 0.38547046859694106, 1.3312780666320998, -0.31746742328750316, -1.0952964861518655, 0.99232538557257322, -0.60676767281680211, 0.24820639073229289, 2.9989408287288009, -5.0562792062869049, 2.3197398016278266, 0.64625808806703133, -0.92459314192226405, 0.85718815430037276, -2.0758817706344845, -1.7980493849506647, 0.91287949479558039, 1.0708134603115138, -2.0898006606515311, 0.50687592495097189, -0.63592771318556485, 1.3159646039029045, 0.089108431368134677, 1.306977921929205, 0.94181083577439595, 0.45275426139006519, 1.5243712865464725, 2.5002692769790711, -3.4596119862399073, 0.78796985683443632, 0.83104903468207769, 1.0795957442523776, 0.68147503043807567, 0.019322066483770654, -0.51620983647781238, -0.12905502464925894, 0.63890386798895438, 0.069346353483785358, 0.1734262961001051
1.6576937594192809, 0.17236696544085994, -2.0869636497618429, 1.6049135035189683, -0.72813603650060599, 0.53063830760851605, -1.2928376048984915, -1.4329000821527258, 1.2774224936085172, 0.22287084427538523, 0.43306273166274162, 2.6791929404330066, -0.66492314434413302, -0.01019802379598206, 0.16798730616652108, -1.2157306593384793, -1.4120137743954093, 1.0917538042655044, 0.06980572375354839, 0.70610827358249095, -0.61137321939819866, 1.8716996545464668, 0.38659417795642753, 1.3446916925209516, -0.3203041271163119, -1.0995888427380995, 1.0099744517019209, -0.6161834129257181, 0.25191142553717499, 3.0202184505134526, -5.0918033630764246, 2.330770228229277, 0.65801001361412548, -0.94035478218803559, 0.86886778611623039, -2.0936336808457945, -1.8064841344822244, 0.92154832159065303, 1.0747410285638019, -2.1062186078957965, 0.51770670879756642, -0.64847518307131935, 1.3304469644484518, 0.088180678978925509, 1.3124044215333619, 0.95085670693087754, 0.45634447754406243, 1.5329883076293547, 2.5162279946502815, -3.4911965257317483, 0.79870884089900984, 0.84349066908440273, 1.0838662900682505, 0.68334301889612925, 0.024188042327381733, -0.52495957967923323, -0.12979720043928275, 0.64467812412545566, 0.066464447287955863, 0.17302523027826638
1.7033584845553842, 0.15295098685323821, -2.1022469775763182, 1.6141274941629429, -0.73360573259213968, 0.54170758101342176, -1.3070006845453208, -1.4412707375941896, 1.2743942660783891, 0.22782352577071879, 0.42936986451095627, 2.7064703504498078, -0.67054399535140252, -0.010135514783621883, 0.16788385162378289, -1.2221740687557048, -1.4237871687537729, 1.1022075311603121, 0.070493442411368443, 0.70906865187383084, -0.62542342287799091, 1.8933415272087635, 0.38288302084506087, 1.3551013197029347, -0.32625627452927758, -1.1066191955207454, 1.0258519734032472, -0.62629009945573311, 0.25750431028047949, 3.0441471796645994, -5.1275679686906868, 2.3419528249341521, 0.66935864251422805, -0.95813702063749662, 0.87951897740689211, -2.1128011025538553, -1.8168471596820803, 0.93160770225133749, 1.0788614303516486, -2.1204705759278313, 0.52886867846401864, -0.66402081224151566, 1.3471394179686524, 0.089611018006190049, 1.3164040535885113, 0.95633003272334582, 0.46004420060752321, 1.5427840937917439, 2.5339827075031249, -3.52432634755244, 0.80215281879216915, 0.85858318949746382, 1.0902350877828029, 0.68866529227260886, 0.029437037152362421, -0.53016131207107986, -0.13025156726364986, 0.65065938086450814, 0.059066039728856247, 0.17165033933030233
1.7429507934306847, 0.13684932680017961, -2.1206116715329619, 1.6277766177085387, -0.73991191926771993, 0.5566244008693596, -1.3190842164561571, -1.4497234766559624, 1.2701021997520485, 0.23238108986939665, 0.4227686802609813, 2.7319259839965664, -0.67517870581937911, -0.0094787840247782737, 0.16880260048993431, -1.2274357098140685, -1.4366354116934297, 1.1135948324024083, 0.072560787684950057, 0.71277840783875057, -0.63835027769631469, 1.9160549966240616, 0.37870473515540137, 1.366233144245611, -0.33218368487085898, -1.1132703735025689, 1.041269674731585, -0.63716098466899806, 0.26277627659524522, 3.0705395518926437, -5.1632811438715382, 2.3546616252200305, 0.681629229446025, -0.97590996348315062, 0.89075552728686902, -2.132026950006626, -1.8278156409693715, 0.9423739714010223, 1.0820218832818278, -2.1350092753143892, 0.5395486578898544, -0.68128256099810647, 1.3661211663223805, 0.091880078836079696, 1.3230196974524555, 0.96191939539996663, 0.46325577426818054, 1.5528657093902232, 2.552712278148098, -3.556875270436, 0.80505096883416571, 0.87178998278665054, 1.0960615329567887, 0.69484828594903258, 0.034591311438256778, -0.53425606666589009, -0.12920895402700527, 0.65630831527528433, 0.050626164614331809, 0.17018387894410827
1.8154780442361107, 0.11312823961955179, -2.1619682309849639, 1.6509221392466542, -0.75828540635708841, 0.58383895104738992, -1.3420721754456022, -1.4629928848948199, 1.2608360656885718, 0.24310186454652194, 0.40623930085071308, 2.7842146221435033, -0.6840324268062431, -0.0089648420507625563, 0.16976398522593539, -1.2372599404304063, -1.4648521650050412, 1.1362004515417021, 0.079505996020897265, 0.72226995752892742, -0.66317473238140356, 1.9628157430900672, 0.37229928581684218, 1.3897500305378825, -0.34734226256857537, -1.1274674619192968, 1.0733306530506663, -0.66131448547862193, 0.26806181979445637, 3.1216671695909874, -5.2348883620856048, 2.3818930426733504, 0.70647454288137268, -1.0130555742159186, 0.91155190026935862, -2.1702382307752441, -1.849957472123297, 0.9645370964727652, 1.0870350464107517, -2.1639198062923506, 0.56203533860447152, -0.71792317894416924, 1.4040971695604845, 0.094940952910114493, 1.3395975068136827, 0.97664706064146523, 0.4689562260881408, 1.5744578964646327, 2.5899013538646614, -3.6229725588531112, 0.81328407887195198, 0.89721111406197396, 1.1080173105645388, 0.70361438949013477, 0.043322123889935588, -0.5414431841791425, -0.1242341095561872, 0.66743122000613675, 0.035978469915929255, 0.16764007465901781
