0.0, 0.0, 0.0, 0.0, 0.0, 0.0, 0.0, 0.0, 0.0, 0.0, 0.0, 0.0, 0.0, 0.0, 0.0, 0.0, 0.0, 0.0, 0.0, 0.0, 0.0, 0.0, 0.0, 0.0, 0.0, 0.0, 0.0, 0.0, 0.0, 0.0, 0.0, 0.0, 0.0, 0.0, 0.0, 0.0, 0.0, 0.0, 0.0, 0.0, 0.0, 0.0, 0.0, 0.0, 0.0, 0.0, 0.0, 0.0, 0.0, 0.0, 0.0, 0.0, 0.0, 0.0, 0.0, 0.0, 0.0, 0.0, 0.0, 0.0
0.0, 0.0, 0.0, 0.0, 0.0, 0.0, 0.0, 0.0, 0.0, 0.0, 0.060805299465651996, 0.0, 0.0, 0.0, 0.0, 0.0, 0.0, 0.0, 0.0, 0.0, 0.0, 0.0, 0.0, 0.0, 0.0, 0.0, 0.0, 0.0, 0.0, 0.0, 0.0, 0.0, 0.0, 0.0, 0.0, 0.0, 0.0, 0.0, 0.0, 0.0, 0.0, 0.0, 0.0, 0.0, 0.0, 0.0, 0.0, 0.0, 0.0, 0.0, 0.0, 0.0, 0.0, 0.0, 0.0, 0.0, 0.0, 0.0, 0.0, 0.0
0.0, 0.0, 0.0, 0.0, 0.0, 0.0, 0.0, 0.0, 0.0, 0.0, 0.11797570565189477, 0.0, 0.0, 0.0, 0.0, 0.0, 0.0, 0.0, 0.0, 0.0, 0.0, 0.0, 0.0, 0.0, 0.0, 0.0, 0.0, 0.0, 0.0, 0.0, 0.0, 0.0, 0.0, 0.0, 0.0, 0.0, 0.0, 0.0, 0.0, 0.0, 0.0, 0.0, 0.0, 0.0, 0.0, 0.0, 0.0, 0.0, 0.0, 0.0, 0.0, 0.0, 0.0, 0.0, 0.0, 0.0, 0.0, 0.0, 0.0, 0.0
0.0, 0.0, 0.0, 0.0, 0.0, 0.0, 0.0, 0.0, 0.0, 0.0, 0.1720268998071999, 0.0, 0.0, 0.0, 0.0, 0.0, 0.0, 0.0, 0.0, 0.0, 0.0, 0.0, 0.0, 0.0, 0.0, 0.0, 0.0, 0.0, 0.0, 0.0, 0.0, 0.0, 0.0, 0.0, 0.0, 0.0, 0.0, 0.0, 0.0, 0.0, 0.0, 0.0, 0.0, 0.0, 0.0, 0.0, 0.0, 0.0, 0.0, 0.0, 0.0, 0.0, 0.0, 0.0, 0.0, 0.0, 0.0, 0.0, 0.0, 0.0
0.0, 0.0, 0.0, 0.0, 0.0, 0.0, 0.0, 0.0, 0.0, 0.0, 0.22087971950702232, 0.0, 0.0, 0.0, 0.0, 0.0, 0.0, 0.0, 0.0, 0.0, 0.0, 0.0, 0.0, 0.0, 0.0, 0.0, 0.0, 0.0, 0.0, 0.0, 0.0, 0.0, 0.0, 0.0, 0.0, 0.0, 0.0, 0.0, 0.0, 0.0, 0.0, 0.0, 0.0, 0.0, 0.0, 0.0, 0.0, 0.0, 0.012129462529221504, 0.0, 0.0, 0.0, 0.0, 0.0, 0.0, 0.0, 0.0, 0.0, 0.0, 0.0
0.0, 0.0, 0.0, 0.0, 0.0, 0.0, 0.0, 0.0, 0.0, 0.0, 0.2620643422105358, 0.0, 0.0, 0.0, 0.0, 0.0, 0.0, 0.0, 0.0, 0.0, 0.0, 0.0, 0.0, 0.0, 0.0, 0.0, 0.0, 0.0, 0.0, 0.0, 0.0, 0.0, 0.0, 0.0, 0.0, 0.0, 0.0, 0.0, 0.0, 0.0, 0.0, 0.0, 0.0, 0.0, 0.0, 0.0, 0.0, 0.0, 0.050474723883255405, 0.0, 0.0, 0.0, 0.0, 0.0, 0.0, 0.0, 0.0, 0.0, 0.0, 0.0
0.0, 0.0, 0.0, 0.0, 0.0, 0.0, 0.0, 0.0, 0.0, 0.0, 0.30067100744648906, 0.0, 0.0, 0.0, 0.0, 0.0, 0.0, 0.0, 0.0, 0.0, 0.0, 0.0, 0.0, 0.0, 0.0, 0.0, 0.0, 0.0, 0.0, 0.0, 0.0, 0.0, 0.0, 0.0, 0.0, 0.0, 0.0, 0.0, 0.0, 0.0, 0.0, 0.0, 0.0, 0.0, 0.006820997217237007, 0.0, 0.0, 0.0, 0.0827802209063655, 0.0, 0.0, 0.0, 0.0, 0.0, 0.0, 0.0, 0.0, 0.0, 0.0, 0.0
0.0, 0.0, 0.0, 0.0, 0.0, 0.0, 0.0, 0.0, 0.0, 0.0, 0.33622669610459704, 0.0, 0.0, 0.0, 0.0, 0.0, 0.0, 0.0, 0.0, 0.0, 0.0, 0.0, 0.0, 0.0, 0.0, 0.0, 0.0, 0.0, 0.0, 0.0, 0.0, 0.0, 0.0, 0.0, 0.0, 0.0, 0.0, 0.0, 0.0, 0.0, 0.0, 0.0, 0.0, 0.0, 0.02729268163947825, 0.0, 0.0, 0.0, 0.10541485057002656, 0.0, 0.0, 0.0, 0.0, 0.0, 0.0, 0.0, 0.0, 0.0, 0.0, 0.0
0.0, 0.0, 0.0, 0.0, 0.0, 0.0, 0.0, 0.0, 0.0, 0.0, 0.3537339236361578, 0.013975028656177394, 0.0, 0.0, 0.0, 0.0, 0.0, 0.0, 0.0, 0.0, 0.0, 0.0, 0.0, 0.0, 0.0, 0.0, 0.0, 0.0, 0.0, 0.0, 0.0, 0.0, 0.0, 0.0, 0.0, -0.02776771660003463, 0.0, 0.0, 0.0, 0.0, 0.0, 0.0, 0.0, 0.0, 0.05708342308210824, 0.0, 0.0, 0.0, 0.12481822879138514, 0.0, 0.0, 0.0, 0.0, 0.0, 0.0, 0.0, 0.0, 0.0, 0.0, 0.0
0.0, 0.0, 0.0, 0.0, 0.0, 0.0, 0.0, 0.0, 0.0, 0.0, 0.36686228105680324, 0.027886592158124134, 0.0, 0.0, 0.0, 0.0, 0.0, 0.0, 0.0, 0.0, 0.0, 0.0, 0.0, 0.0, 0.0, 0.0, 0.0, 0.0, 0.0, 0.0, 0.0, 0.0, 0.0, 0.0, 0.0, -0.06840587594697871, 0.0, 0.0, 0.0, 0.0, 0.0, 0.0, 0.0, 0.0, 0.09088523322189074, 0.0, 0.0, 0.0, 0.14224677295367874, 0.0, 0.0, 0.0, 0.0, 0.0, 0.0, 0.0, 0.0, 0.0, 0.0, 0.0
0.0, 0.0, 0.0, 0.0, 0.0, 0.0, 0.0, 0.0, 0.0, 0.0, 0.3790608885090733, 0.041060055662464165, 0.0, 0.0, 0.0, 0.0, 0.0, 0.0, 0.0, 0.0, 0.0, 0.0, 0.0, 0.0, 0.0, 0.0, 0.0, 0.0, 0.0, 0.0, 0.0, 0.0, 0.0, 0.0, 0.0, -0.1068429394979647, 0.0, 0.0, 0.0, 0.0, 0.0, 0.0, 0.0, 0.0, 0.12132061803416629, 0.0, 0.0, 0.0, 0.15749651312493546, 0.0, 0.0, 0.009215661676424491, 0.0, 0.0, 0.0, 0.0, 0.0, 0.0, 0.0, 0.0
0.0, 0.0, 0.0, 0.0, 0.0, 0.0, 0.0, 0.0, 0.0, 0.0, 0.3905399894894091, 0.05342333553987891, 0.0, 0.0, 0.0, 0.0, 0.0, 0.0, 0.0, 0.0, 0.0, 0.0, 0.0, 0.0, 0.0, 0.0, 0.0, 0.0, 0.0, 0.0, 0.0, 0.0, 0.0, 0.0, 0.0, -0.1435054549493961, 0.0, 0.0, 0.0, 0.0, 0.0, 0.0, 0.0, 0.0, 0.14925013810338128, 0.0, 0.0, 0.0, 0.17078735703667788, 0.0, 0.0, 0.026535983085871174, 0.0, 0.0, 0.0, 0.0, 0.0, 0.0, 0.0, 0.0
0.0, 0.0, 0.0, 0.0, 0.0, 0.0, 0.0, 0.0, 0.0, 0.0, 0.4015030324371087, 0.06556772853297073, 0.0, 0.0, 0.0, 0.0, 0.0, 0.0, 0.0, 0.0, 0.0, 0.0, 0.0, 0.0, 0.0, 0.0, 0.0, 0.0, 0.0, 0.0, 0.0, 0.0, 0.0, 0.0, 0.0, -0.17858763724552834, 0.0, 0.0, 0.0, 0.0, 0.0, 0.0, 0.0, 0.0, 0.17642097993702133, 0.0, 0.0, 0.0, 0.18363264082140296, 0.0, 0.0, 0.04343534061573285, 0.0, 0.0, 0.0, 0.0, 0.0, 0.0, 0.0, 0.0
0.0, 0.0, 0.0, 0.0, 0.0, 0.0, 0.0, 0.0, 0.0, 0.0, 0.4036411882801234, 0.08056154469589281, 0.0, 0.0, 0.0, 0.0, 0.0, 0.0, 0.0, 0.0, 0.021766588037660718, 0.0, 0.0, 0.0, 0.0, 0.0, 0.0, 0.0, 0.0, 0.0, 0.0, 0.0, 0.0, 0.0, 0.0, -0.2073604331977173, 0.0, 0.0, 0.0, 0.0, 0.0, 0.0, 0.0, 0.0, 0.20391186835124211, 0.0, 0.0, 0.0, 0.1986099853638973, 0.0, 0.0, 0.06064056260662983, 0.0, 0.0, 0.0, 0.0, 0.0, 0.0, 0.0, 0.0
0.0, 0.0, 0.0, 0.0, 0.0, 0.0, 0.0, 0.0, 0.0, 0.0, 0.405016898904254, 0.0954957685524529, 0.0, 0.0, 0.0, 0.0, 0.0, 0.0, 0.0, 0.0, 0.04412524588690876, 0.0, 0.0, 0.0, 0.0, 0.0, 0.0, 0.0, 0.0, 0.0, 0.0, 0.0, 0.0, 0.0, 0.0, -0.23515286460126958, 0.0, 0.0, 0.0, 0.0, 0.0, 0.0, 0.0, 0.0, 0.2314365795708721, 0.0, 0.0, 0.0, 0.21322971717615266, 0.0, 0.0, 0.07746221136955367, 0.0, 0.0, 0.0, 0.0, 0.0, 0.0, 0.0, 0.0
0.0, 0.0, 0.0, 0.01296206036438649, 0.0, 0.0, 0.0, 0.0, 0.0, 0.0, 0.40333678346190993, 0.11036181665577638, 0.0, 0.0, 0.0, 0.0, 0.0, 0.0, 0.0, 0.0, 0.06396620605665287, 0.0, 0.0, 0.0, 0.0, 0.0, 0.0, 0.0, 0.0, 0.0, 0.0, 0.0, 0.0, 0.0, 0.0, -0.2636706588846832, 0.0, 0.0, 0.0, 0.0, 0.0, 0.0, 0.0, 0.0, 0.2601832331440403, 0.0, 0.0, 0.0, 0.22625285885276641, 0.0, 0.0, 0.08886862748918335, 0.0, 0.0, 0.0, 0.0, 0.0, 0.0, 0.0, 0.0
0.0, 0.0, 0.0, 0.025435468124480772, 0.0, 0.0, 0.0, 0.0, 0.0, 0.0, 0.402695051010466, 0.12408548436002242, 0.0, 0.0, 0.0, 0.0, 0.0, 0.0, 0.0, 0.0, 0.08281909293121034, 0.0, 0.0, 0.0, 0.0, 0.0, 0.0, 0.0, 0.0, 0.0, 0.0, 0.0, 0.0, 0.0, 0.0, -0.29186526590043, 0.0, 0.0, 0.0, 0.0, 0.0, 0.0, 0.0, 0.0, 0.28900040336859156, 0.0, 0.0, 0.0, 0.23867071614265303, 0.0, 0.0, 0.09998142027693972, 0.0, 0.0, 0.0, 0.0, 0.0, 0.0, 0.0, 0.0
0.0, 0.0, 0.0, 0.0378736681943215, 0.0, 0.0, 0.0, 0.0, 0.0, 0.0, 0.40258558742052974, 0.13752944620258228, 0.0, 0.0, 0.0, 0.0, 0.0, 0.0, 0.0, 0.0, 0.09836363691899501, 0.0023213544185206473, 0.0, 0.0, 0.0, 0.0, 0.0, 0.0, 0.0, 0.0, 0.0, 0.0, 0.0, 0.0, 0.0, -0.3189997084532697, 0.0, 0.0, 0.0, 0.0, 0.0, 0.0, 0.0, 0.0, 0.3173141325558361, 0.0, 0.0, 0.0, 0.25044689988003, 0.0, 0.0, 0.11091538723117193, 0.0, 0.0, 0.0, 0.0, 0.0, 0.0, 0.0, 0.0
0.0, 0.0, 0.0, 0.050222938369453345, 0.0, 0.0, 0.0, 0.0, 0.0, 0.0, 0.4031339987936234, 0.15046169357963673, 0.0, 0.0, 0.0, 0.0, 0.0, 0.0, 0.0, 0.0, 0.10674991507870399, 0.01468021741372504, 0.0, 0.0, 0.0, 0.0, 0.0, 0.0, 0.0, 0.0, 0.0, 0.0, 0.0, 0.0, 0.0, -0.3443088636222605, 0.0, 0.0, 0.0, 0.0, 0.0, 0.0, 0.0, 0.002024008010703579, 0.34390686521700653, 0.0, 0.0, 0.0, 0.26166918642252857, 0.0, 0.0, 0.12225060765796404, 0.0, 0.0, 0.0, 0.0, 0.0, 0.0, 0.0, 0.0
0.0, 0.0, 0.0, 0.06288686970496808, 0.0, 0.0, 0.0, 0.0, 0.0, 0.0, 0.4055226465536118, 0.1604167719826285, 0.0, 0.0, 0.0, 0.0, 0.0, 0.0, 0.0, 0.0, 0.11372229476117221, 0.02728955964445876, 0.0, 0.0, 0.0, 0.0, 0.0, 0.0, 0.0, 0.0, 0.0, 0.0, 0.0, 0.0, 0.0, -0.37214746350248495, 0.0, 0.0, 0.0, 0.0, 0.0, 0.0, 0.0, 0.02671875070832992, 0.3511064000411068, 0.0, 0.0, 0.0, 0.2722398384014728, 0.0, 0.003547903215579591, 0.13372203924272297, 0.0, 0.0, 0.0, 0.0, 0.0, 0.0, 0.0, 0.0
0.0, 0.0, 0.0, 0.07837047687363324, 0.0, 0.0, 0.0, 0.0, 0.0, 0.0, 0.41656778191183136, 0.1688259200123044, 0.0, 0.0, 0.0, -0.03243865486922491, 0.0, 0.0, 0.0, 0.0, 0.132278269302545, 0.03888883376996209, 0.0, 0.0, 0.0, 0.0, 0.0, 0.0, 0.0, 0.0, 0.0, 0.0, 0.0, 0.0, 0.0, -0.39902100822681946, 0.0, 0.0, 0.0, 0.0, 0.0, 0.0, 0.0, 0.0494791492679692, 0.3534329720845035, 0.0, 0.0, 0.0, 0.2816067377662422, 0.0, 0.015886634618446534, 0.14387611489626256, 0.0, 0.0, 0.0, 0.0, 0.0, 0.0, 0.0, 0.0
0.0, 0.0, 0.0, 0.09349364222133891, 0.0, 0.0, 0.0, 0.0, 0.0, 0.0, 0.42915748096940687, 0.176712574494932, 0.0, 0.0, 0.0, -0.07148829385337291, 0.0, 0.0, 0.0, 0.0, 0.15355168378846196, 0.04986679245537834, 0.0, 0.0, 0.0, 0.0, 0.0, 0.0, 0.0, 0.0, 0.0, 0.0, 0.0, 0.0, 0.0, -0.42610631605373295, 0.0, 0.0, 0.0, 0.0, 0.0, 0.0, 0.0, 0.0708177750636597, 0.3555228187229943, 0.0, 0.0, 0.0, 0.29044913951052936, 0.0, 0.029700428801391218, 0.15424814391333483, 0.0, 0.0, 0.0, 0.0, 0.0, 0.0, 0.0, 0.0
0.0, 0.0, 0.0, 0.10848360816062126, 0.0, 0.0, 0.0, 0.0, 0.0, 0.0, 0.4433970928178126, 0.18431085121601617, 0.0, 0.0, 0.0, -0.10702739590419431, 0.0, 0.0, 0.0, 0.0, 0.17405181805299946, 0.05736369161323902, 0.003554395215781613, 0.0, 0.0, 0.0, 0.0, 0.002084707782441709, 0.0, 0.0, 0.0, 0.0, 0.0, 0.0, 0.0, -0.4514469639221705, 0.0, 0.0, 0.0, 0.0, 0.0, 0.0, 0.0, 0.09334373225969042, 0.357690571981453, 0.0, 0.0, 0.0, 0.2989200380837826, 0.0, 0.043357230790572424, 0.1639757056462834, 0.0, 0.0, 0.0, 0.0, 0.0, 0.0, 0.0, 0.0
0.0, 0.0, 0.0, 0.12384426213777382, 0.0, 0.0, 0.0, 0.0, 0.0, 0.0, 0.4554063533102085, 0.1935550034565227, 0.0, 0.0, 0.0, -0.13703706527188406, 0.0, 0.0, 0.0, 0.0, 0.19682780022514107, 0.058512552098463705, 0.01492547378668644, 0.0, 0.0, 0.0, 0.0, 0.01417965640967703, 0.0, 0.0, 0.0, 0.0, 0.0, 0.0, 0.0, -0.47334523735097894, 0.0, 0.0, 0.0, 0.0, 0.0, 0.0, 0.0, 0.11289428351440142, 0.36192836430762704, 0.0, 0.0, 0.0, 0.30701313017577786, 0.0, 0.05805259238644812, 0.17337659380370646, 0.0, 0.0, 0.0, 0.0, 0.0, 0.0, 0.0, 0.0
0.011131155506769604, 0.0, 0.0, 0.13373734120653372, 0.0, 0.0, 0.0, 0.0, 0.0, 0.0, 0.46429600779264385, 0.20387241673128495, 0.0, 0.0, 0.0, -0.16782179000330594, 0.0, 0.0, 0.0, 0.0, 0.21805341334950093, 0.05356936758084939, 0.030931667401510172, 0.0, 0.0, 0.0, 0.0, 0.02835606112082806, 0.0, 0.0, -0.009497922781663707, 0.0, 0.0, 0.0, 0.0, -0.4951675061427036, 0.0, 0.0, 0.0, 0.0, 0.0, 0.0, 0.0, 0.1337668836598226, 0.3654473116499929, 0.0, 0.0, 0.0, 0.31537644814771465, 0.0, 0.07205552133514684, 0.18274388790345486, 0.0, 0.00201810922754816, 0.0, 0.0, 0.0, 0.0, 0.0, 0.0
0.023068928949717172, 0.0, 0.0, 0.13886791287171651, 0.0, 0.0, 0.0, 0.0, 0.0, 0.0, 0.4720281508042752, 0.2148513769812425, 0.0, 0.0, 0.0, -0.19846514749943475, 0.0, 0.0, 0.0, 0.0, 0.2321951659148386, 0.04861532677256259, 0.047476750259741275, 0.0, 0.0, 0.0, 0.0, 0.04547490308505441, 0.0, 0.0, -0.034263758295361844, 0.0, 0.0, 0.0, 0.0, -0.5181552109064205, 0.0, 0.0, 0.0, 0.0, 0.0, 0.0, 0.0, 0.15656668774092056, 0.36986010835373934, 0.0, 0.0, 0.0, 0.3251869819462213, 0.0, 0.08224762156861956, 0.19338259846194503, 0.0, 0.01148880681987425, 0.0, 0.0, 0.0, 0.0, 0.0, 0.0
0.03480061401718503, 0.0, 0.0, 0.14400889087627092, 0.0, 0.0, 0.0, 0.0, 0.0, 0.0, 0.4796257360130416, 0.2257189886164295, 0.0, 0.0, 0.0, -0.22749395464274677, 0.0, 0.0, 0.0, 0.0, 0.24574494921552137, 0.04399600829105617, 0.06360076326293192, 0.0, 0.0, 0.0, 0.0, 0.0619926845714875, 0.0, 0.0, -0.05806855466510558, 0.0, 0.0, 0.0, 0.0, -0.5412507509693456, 0.0, 0.0, 0.0, 0.0, 0.0, 0.0, 0.0, 0.17910492408433168, 0.3744121295034588, 0.0, 0.0, 0.0, 0.3350393231692145, 0.0, 0.0926040985856773, 0.20359970173661707, 0.0, 0.02058624653084088, 0.0, 0.0, 0.0, 0.0, 0.0, 0.0
0.046073373066770736, 0.0, 0.0, 0.14878156364387657, 0.0, 0.0, 0.0, 0.0, 0.0, 0.0, 0.487542441473392, 0.23632557966762588, 0.0, 0.0, 0.0, -0.25577515433449416, 0.0, 0.0, 0.0, 0.0, 0.2589846966511522, 0.039882471561857744, 0.079285606840238, 0.0, 0.0, 0.0, 0.0, 0.07786533389144479, 0.0, 0.0, -0.08096981388734974, 0.0, 0.0, 0.0, 0.0, -0.5645542281373949, 0.0, 0.0, 0.0, 0.0, 0.0, 0.0, 0.0, 0.20108693510652473, 0.3793582398245625, 0.0, 0.0, 0.0, 0.34467746587589804, 0.0, 0.10284199771258888, 0.2136781283740941, 0.0, 0.029137795233668506, 0.0, 0.0, 0.0, 0.0, 0.0011984889747222126, 0.0
0.058202095276262376, 0.0, 0.0, 0.1518488559736386, 0.0, 0.0, 0.0, 0.0, 0.0, 0.0, 0.4977875604155956, 0.2456213930970758, 0.0, 0.0, 0.0, -0.2831003553699973, 0.0, 0.0, 0.0, 0.0, 0.2725160633269265, 0.03627081896609951, 0.09551036531361064, 0.0, 0.0, 0.0, 0.0, 0.09410421761340038, 0.0, 0.0, -0.10223832536895022, 0.0, 0.0, 0.0, 0.0, -0.586930791344786, 0.0, 0.0, 0.0, 0.0, 0.0, 0.0, 0.0, 0.22075886888620358, 0.3852149285798761, 0.0, 0.0, 0.0, 0.35468738149677864, 0.0, 0.11073236594942162, 0.22356193863799076, 0.0, 0.03753881167357421, 0.0, 0.0, -0.01667774567978518, 0.0, 0.01834373516299162, 0.0
0.0737215247144571, 0.0, 0.0, 0.15641175996052203, 0.0, 0.0, -0.02023250133274029, 0.0, 0.0, 0.0, 0.514968095801288, 0.25381597292308644, 0.0, 0.0, 0.0, -0.30497023278288665, 0.0, 0.0, 0.0, 0.0, 0.285951451631525, 0.02759744850580494, 0.11499185314231965, 0.0, 0.0, 0.0, 0.0, 0.10719099240815128, 0.0025955670102734037, 0.0, -0.12300025701556316, 0.0, 0.0, 0.0, 0.0, -0.6032246605788714, -0.0027883962058631744, 0.0, 0.0, -0.01066686041446046, 0.0, 0.0, 0.0, 0.24203126712136275, 0.3934044245812463, 0.0, 0.0, 0.0, 0.3695391410371625, 0.0, 0.12121655860600838, 0.23151119108505736, 0.0, 0.04880865995208424, 0.0, 0.0, -0.04128449891769401, 0.0, 0.038503602244538915, 0.0
0.08767813121914939, 0.0, 0.0, 0.16278269465909084, 0.0, 0.0, -0.047084245226481185, 0.0, 0.0, 0.0, 0.533899752015275, 0.2631217668357885, 0.0, 0.0, 0.0, -0.32166607908981326, 0.0, 0.0, 0.0, 0.0, 0.3082746825224532, 0.004384032368493349, 0.14391253102974141, 0.0, 0.0, 0.0, 0.0, 0.10158208160305006, 0.028033710347719155, 0.0, -0.14655936899213476, 0.0, 0.0, 0.0, 0.0, -0.603908140108216, -0.01690837773804188, 0.0, 0.0, -0.029493580198039698, 0.0, 0.0, 0.0, 0.262997139883428, 0.40477412683187636, 0.0, 0.0, 0.001969290938747373, 0.3864586557594137, 0.0, 0.13152108968587586, 0.23985694172342836, 0.0, 0.06260276973596773, 0.0, 0.0, -0.06528124016999841, 0.0, 0.05641955732626291, 0.0
0.11511791426068867, 0.0, 0.0, 0.1635992897727302, 0.0, 0.0, -0.07337332007158183, 0.0, 0.0, 0.0, 0.5501283768082378, 0.27294437403056787, 0.0, 0.0, 0.0, -0.34260747004347586, 0.0, 0.0, 0.0, 0.0, 0.32483534819908716, 0.0, 0.1625790022093087, 0.0, 0.0, 0.0, 0.0, 0.09980126631828817, 0.05019037544246058, 0.0, -0.16993886075244502, 0.0, 0.0, 0.0, 0.0, -0.6079834312625828, -0.030338198091985097, 0.0, 0.0, -0.04615334179245135, 0.0, 0.0, 0.0, 0.2835449093617124, 0.413968233207111, 0.0, 0.0, 0.01854942857727275, 0.3914601351126771, 0.0, 0.14062204356044516, 0.24979958223548404, 0.0, 0.07398109492367691, 0.0, 0.0, -0.0882780959856679, 0.0, 0.07516398817839769, 0.0
0.1336782044663567, 0.0, 0.0, 0.16907906768514555, 0.0, 0.0, -0.0975813063641025, 0.0, 0.0, 0.0, 0.5669853190010292, 0.28247900520430436, 0.0, 0.0, 0.0, -0.3639322957440242, 0.0, 0.0, 0.0, 0.008966615103289147, 0.3276599998338316, 0.0, 0.17992959187486665, 0.0, 0.0, 0.0, 0.0, 0.09540705691141113, 0.07261980136884692, 0.0, -0.193426746466773, 0.0, 0.0, 0.0, 0.0, -0.6093115689198272, -0.045059836661510574, 0.0, 0.0, -0.063811385204146, 0.0, 0.0, 0.0, 0.303982788652103, 0.4235329900595764, 0.0, 0.0, 0.03745005149623672, 0.3954488310809278, 0.0, 0.14847567659417438, 0.2595113635454175, 0.0, 0.08636130354399682, 0.0, 0.0, -0.1094641198455706, 0.0, 0.0925947745583272, 0.0
0.15240419583957732, 0.0, 0.0, 0.17519568353178966, 0.0, 0.0, -0.12122570964600285, 0.0, 0.0, 0.0, 0.5845527027115939, 0.2909463297119069, 0.0, 0.0, 0.0, -0.38567697364204856, 0.0, 0.0, 0.0, 0.02547927476168847, 0.3228160769924228, 0.0, 0.19823734223178577, 0.0, 0.0, 0.0, 0.0, 0.09151759835189682, 0.09402641145765821, 0.0, -0.2162651878403806, 0.0, 0.0, 0.0, 0.0, -0.6111693583060549, -0.05953246277834825, 0.0, 0.0, -0.08146802392719583, 0.0, 0.0, 0.0, 0.32435958821538324, 0.43320756151419937, 0.0, 0.0, 0.05754465218329295, 0.39914735607572777, 0.0, 0.15607015427028606, 0.2685474801421684, 0.0, 0.09864779147284375, 0.0, 0.0, -0.12957914963967201, 0.0, 0.10934387108372631, 0.0
0.17449551876821176, 0.0, 0.0, 0.17572875460629228, 0.0, 0.0, -0.1442293724795464, -0.0009236366485409073, 0.0, 0.0, 0.5980959166138572, 0.3024010798415125, 0.0, 0.0, 0.0, -0.41015053651224626, 0.0, 0.0, 0.0, 0.049631251997491445, 0.31409759154084615, 0.0, 0.2167462126964585, 0.0, 0.0, 0.0, 0.0, 0.0835184626977374, 0.11674279829527262, 0.0, -0.23851190299169203, 0.0, 0.0, 0.0, 0.0, -0.6072485214013572, -0.07961526160499188, 0.0, 0.0, -0.09820966605097295, 0.0, 0.0, 0.0, 0.3391089787743614, 0.4499116237163742, 0.0, 0.0, 0.07747729054939058, 0.41971064737214947, -0.029000583019088456, 0.16822172741890612, 0.28253520899991524, 0.0, 0.11434520111570005, -0.004347009662846927, 0.0, -0.14688691757160321, 0.0, 0.1232089178185053, 0.0
0.20024494150687164, 0.0, 0.0, 0.17445992701001117, 0.0, 0.0, -0.157492452823526, -0.018106048922114412, 0.0, 0.0, 0.6149913918267967, 0.31451244027894865, 0.0, 0.0, 0.0, -0.43403608358478546, 0.0, 0.0, 0.0, 0.07445363279346214, 0.3063016437463156, 0.0, 0.23188922740596885, 0.0, 0.0, 0.0, 0.0, 0.07516922390984998, 0.14029677262971643, 0.0, -0.2601863114393374, 0.0, 0.0, 0.0, 0.0, -0.6019221151164978, -0.10273286062755731, 0.0, 0.0, -0.11086879777229705, 0.0, 0.0, 0.0, 0.3473856378223798, 0.47370732327865894, 0.0, 0.0, 0.08755028582913713, 0.457711057583623, -0.07253862601518857, 0.18347686860036672, 0.3000543898062947, 0.0, 0.13392164646006083, -0.018450861886823607, 0.0, -0.15982519375879037, 0.0, 0.13607281002384153, 0.0
0.22448750967154618, 0.0, 0.0, 0.17368591592414506, 0.0, 0.0, -0.17031677916752258, -0.03652814287333861, 0.0, 0.0, 0.6322361090290431, 0.32685524372744834, 0.0, 0.0, 0.0, -0.45789167757703386, 0.0, 0.0, 0.0, 0.09688860614365623, 0.30104828870312644, 0.0, 0.24659500321323222, 0.0, 0.0, 0.0, 0.0, 0.06692286374013293, 0.1638429393042074, 0.0, -0.2809645848946391, 0.0, 0.0, 0.0, 0.0, -0.5993205669304401, -0.12433342308267543, 0.0, 0.0, -0.12272918651796987, 0.0, 0.0, 0.0, 0.3545303420609665, 0.4992391925711253, 0.0, 0.0, 0.09411038311608091, 0.4976178769441362, -0.11584258116865215, 0.19989143121725872, 0.3179707327848348, 0.0, 0.15301915882750033, -0.031691400962859474, 0.0, -0.1708702946252351, 0.0, 0.14854931818925798, 0.0
0.24978360901292454, 0.0, -0.009703247796185675, 0.18097414127121905, 0.0, 0.0, -0.18363378837881125, -0.062057519309108425, 0.01687392248356498, 0.0, 0.6363462350382296, 0.34711516115081653, 0.0, 0.0, 0.0, -0.4808950764629375, 0.0, 0.0, 0.0, 0.11420032458345752, 0.2951644455354163, 0.0, 0.2653370956306357, 0.0, 0.0, 0.0, 0.0, 0.055070159387704244, 0.18478694944043958, 0.0092827650093448, -0.30838962579461454, 0.0, 0.0, 0.0, 0.0, -0.5980195707855207, -0.14581899322347308, 0.0, 0.0, -0.13328357924715134, 0.0, 0.0, 0.0, 0.36120214043142795, 0.5232070102486532, 0.0, 0.0, 0.10241455433877249, 0.5376115698618897, -0.15953566599934105, 0.21582333027656214, 0.3357176921421089, 0.0, 0.1714919230664783, -0.04213905180002142, 0.0, -0.18039740015760508, 0.0, 0.16024497727186524, 0.0
0.28611563677641993, 0.0, -0.06532254893445172, 0.21261578202318956, 0.0, 0.0, -0.20221758081484367, -0.09930516725470236, 0.0570695952106368, 0.0, 0.6195167276473548, 0.38396079027034036, 0.0, 0.0, 0.0, -0.5013696102934633, 0.0, 0.0, 0.0, 0.12460010200300568, 0.2822561537872219, 0.0, 0.29266420619348343, 0.0, 0.0, 0.0, 0.0, 0.040227050354927, 0.18926687583763468, 0.04155269122347655, -0.34996180392785253, 0.0, 0.0, 0.0, 0.0, -0.599879218271724, -0.1645417775084209, 0.0, 0.008014802870755006, -0.1482180517035271, 0.0, 0.0, 0.0, 0.3643560897413425, 0.5450371824682034, 0.0, 0.0, 0.11831964150368339, 0.5815640908631997, -0.2104432114189038, 0.23097980930683235, 0.35473157409746553, 0.0, 0.193482404560936, -0.050406091437959, 0.0, -0.18338739230832257, 0.0, 0.16972936179418296, 0.0
0.3223280312018843, 0.0, -0.11869602262606255, 0.24494227321998624, 0.0, 0.0, -0.2192021610136748, -0.13672188775498254, 0.09576391892063883, 0.0, 0.5994648228606241, 0.4233253815167126, 0.0, 0.0, 0.0, -0.5174009994955441, 0.0, 0.0, 0.0, 0.13278860904019446, 0.2663673294190994, 0.0, 0.3244527894861505, 0.0012828944708392334, 0.0, 0.0, 0.0, 0.028416881474420567, 0.1838986438233185, 0.08192839484552397, -0.3932906915352029, 0.0, 0.0, 0.0, 0.0, -0.59957037072069, -0.1897356708202939, 0.0, 0.04361635347437499, -0.18148870981680498, 0.0, 0.0, 0.0, 0.36759383753503877, 0.5635411136378569, 0.0, 0.0, 0.13872071888841023, 0.6262021964490879, -0.2620687013861492, 0.24346037684105692, 0.3737182957353458, 0.0, 0.21526366103504865, -0.060611332997834715, 0.0, -0.1855917495408177, 0.0, 0.17657397076651551, 0.0
0.357208788484522, 0.0, -0.1699137877099516, 0.2772218270234922, 0.0, 0.0, -0.23770156787387256, -0.17210381839645, 0.13240528494220577, 0.0, 0.5810415025089318, 0.4621544961199202, 0.0, 0.0, 0.0, -0.5318715680472127, 0.0, 0.0, 0.0, 0.14294804404414743, 0.25041099923658533, 0.0, 0.3473467507155868, 0.012469089553242283, 0.0, 0.0, 0.0, 0.017967125790276935, 0.17776067095753373, 0.12247571773147872, -0.43670086154061044, 0.0, 0.0, 0.0, 0.0, -0.5985077784614723, -0.21575281625233322, 0.0, 0.07856738185755259, -0.21346511342310906, 0.0, 0.0, 0.0, 0.37040207310949474, 0.5832981718687695, 0.0, 0.0, 0.1624271301850266, 0.6650727596901765, -0.31031104212446875, 0.2551953032961122, 0.3929689780369253, 0.0, 0.23610113323158188, -0.07136839862518872, 0.0, -0.18909164296538578, 0.005473342890726291, 0.1807140360111817, 0.0
0.39201154610544653, 0.0, -0.21950984941957272, 0.30893798278692586, 0.0, 0.0, -0.256186412798174, -0.20702107020498067, 0.16911919095509959, 0.0, 0.5582000287215498, 0.5055491007898338, 0.0, -0.002066509774912791, 0.0, -0.5448756444242142, 0.0, 0.0, 0.0, 0.15467810713699034, 0.23295339274617496, 0.0, 0.3686354518221768, 0.025716309900714978, 0.0, 0.0, 0.0, 0.008858897468323156, 0.1694062787597492, 0.16648627526289422, -0.48276457820164975, 0.0, 0.00038142166559053576, 0.0, 0.0, -0.59514938084888, -0.24231002254985434, 0.0, 0.11181892027686596, -0.2447406715057858, 0.0, 0.0, 0.0, 0.37134996801619113, 0.6035056367577836, 0.0, 0.0, 0.18786156631638298, 0.7024036895671121, -0.35844234689527066, 0.2667372195759688, 0.41147100592989183, 0.0, 0.25569751271654323, -0.08287167963692142, 0.0, -0.1940516978391929, 0.020247357382716578, 0.1812394845102711, 0.0
0.42408349964390335, 0.0, -0.2613633835683025, 0.33805453960067045, 0.0, 0.0, -0.2744026718744584, -0.23754361105551872, 0.2022846103059363, 0.0, 0.5361758582451727, 0.5474829685966716, 0.0, -0.011057823535698003, 0.0, -0.550401840171865, 0.0, 0.0, 0.0, 0.1665902411677981, 0.21821098168807637, 0.0015259376689177046, 0.3891034919362919, 0.03936157976333442, 0.0, 0.0, 0.0, 0.003676129450750647, 0.16340529563845457, 0.21214346322740124, -0.5482382774522491, 0.02277034575686141, 0.008069498127540818, 0.0, 0.0, -0.5989094498510775, -0.2667343809267602, 0.0, 0.14272407649225455, -0.2777161578574479, 0.0, 0.0, 0.0, 0.37048235270974, 0.6256882120287172, 0.0, 0.0, 0.2158080181181243, 0.737286741975556, -0.4059988412704893, 0.2807311103582744, 0.42869374036203584, 0.0, 0.27310853101906235, -0.09107938700728999, 0.0, -0.1982262766535291, 0.03489772988219051, 0.18337756502282193, 0.0
0.4319358443782922, 0.0, -0.28584151058380836, 0.3661437587774302, 0.0, 0.0, -0.2860086441683849, -0.26446101396942057, 0.23410977563937752, 0.0, 0.5115832723483579, 0.5882493206590502, 0.0, -0.017922834570795118, 0.0, -0.5580157915606042, 0.0, 0.0, 0.0, 0.17753359368835467, 0.19716827364076328, 0.02060156083631216, 0.39304170519019865, 0.05717088349743553, 0.0, 0.0, 0.0, 0.0, 0.1516323230387733, 0.2727597446237853, -0.6359771953265693, 0.07250646396743428, 0.0047318942566277325, 0.0, 0.0, -0.5992755311065218, -0.2940296705697659, 0.0, 0.1759622281058358, -0.3109151939673439, 0.0, 0.0, 0.0, 0.3662773703465892, 0.6478721288176599, 0.0, 0.0, 0.24127040478998024, 0.7734745898165145, -0.45208593100054073, 0.2923524871535318, 0.4455106371885254, 0.0, 0.2889361308580604, -0.0966575439542882, 0.0, -0.20169228057161168, 0.048128239652296345, 0.1866973798978334, 0.0
0.4614881889820544, 0.0, -0.3203477016685141, 0.39187806027545125, 0.0, 0.0, -0.3018206836648941, -0.2914278311821412, 0.2652149274289975, 0.0, 0.49065546781044256, 0.6234401842546249, 0.0, -0.021207423325053463, 0.0, -0.5678978478283634, 0.0, 0.0, 0.0, 0.1944362133198962, 0.16707837232701572, 0.05444787703364002, 0.38577191384932086, 0.08015872020278231, 0.0, 0.0, 0.0, 0.0, 0.1349843609210584, 0.3401931590944276, -0.7343183557294986, 0.13206173516077827, 0.0, 0.0, 0.0, -0.6034388808242325, -0.3216370952966227, 0.0, 0.20724035851703035, -0.34444625953068453, 0.0, 0.0, 0.010189683043014068, 0.35861418402501916, 0.6693189089718242, 0.0, 0.0, 0.27079329589076145, 0.805814577012374, -0.5005248899591486, 0.30535751231273534, 0.4650342718333252, 0.0, 0.3025793234198099, -0.10007355108281968, 0.0, -0.20458250960670907, 0.06047377012860173, 0.18648259143409865, 0.004520370684887921
0.49085407842236317, 0.0, -0.35519808869267117, 0.41860744784341636, 0.0, 0.0, -0.31680471043764497, -0.31628977658557084, 0.2982269635012214, 0.0, 0.4670923991720764, 0.6586165929943756, 0.0, -0.022737459805151794, 0.0, -0.5799028340063143, 0.0, 0.0, 0.0, 0.2168493786662094, 0.12312952201332883, 0.10505147575235806, 0.36874938943248703, 0.10672431759540064, 0.0, 0.0, 0.0, 0.0, 0.11392313276562299, 0.4177567436026369, -0.843785226061791, 0.19352992019025797, 0.0, 0.0, 0.0, -0.6080201015072748, -0.3522296679094374, 0.0005945768006017726, 0.2419063350055066, -0.3843420302837024, 0.0, 0.0, 0.027168214398299317, 0.34564623952386736, 0.6857588323188656, 0.012293344868829811, 0.0, 0.2996568285323669, 0.842152482342717, -0.5557914485256703, 0.3152368539512162, 0.4796959528756884, 0.014532623529047613, 0.3141692845711423, -0.10254112283712208, 0.0, -0.20668381512701542, 0.07403841333403899, 0.1831730065027277, 0.008942500728797514
0.5185179379182032, 0.0, -0.39250982939186607, 0.44498950382468694, 0.0, 0.0, -0.3323963926983198, -0.340341695875255, 0.3314706272938609, 0.0, 0.4488682615292257, 0.6889911636582166, 0.0, -0.024575738758498087, 0.0, -0.5942143700442042, 0.0, 0.0, 0.0, 0.242855631580753, 0.0751304195436777, 0.15730520237256107, 0.35409087902513864, 0.1311315851535436, 0.0, 0.0, 0.0, 0.0, 0.0967091567714923, 0.48641657593766335, -0.9448827102478424, 0.2520683157851533, 0.0, 0.0, 0.0, -0.619871964874426, -0.3833550487949873, 0.01433710497947159, 0.2689172770183893, -0.4229812153057325, 0.0, 0.0, 0.04451350394568085, 0.3329200693468544, 0.6988355741451353, 0.03255198956897851, 0.0, 0.3270045496082101, 0.8772725027665194, -0.6126523438716652, 0.3242683838475067, 0.4891471842526956, 0.0342747122131581, 0.3254886024522766, -0.10506605622457746, 0.0, -0.20680764342727295, 0.08813225993333504, 0.18213646206651046, 0.012629084865528372
0.5456557967958344, 0.0, -0.42881819235091156, 0.47171353299346724, 0.0, 0.0, -0.34781519709311787, -0.3637194986382643, 0.36215961092035787, 0.0, 0.43486355598759074, 0.7162743961443511, 0.0, -0.027213509718664274, 0.0, -0.6085546235872881, 0.0, 0.0, 0.0, 0.27208974506481026, 0.027991030963136113, 0.20727288135770552, 0.3408603286181565, 0.15441388313960608, 0.0, 0.0, 0.0, 0.0, 0.08299385323802408, 0.5500791854053715, -1.0415232888745725, 0.30875882340605015, 0.0, 0.0, 0.0, -0.6320962862099202, -0.41749269724313803, 0.03232858267752664, 0.29222232945531906, -0.45968843374316143, 0.0, 0.0, 0.06272260336288295, 0.321693315142118, 0.7107527790442582, 0.053931479931195306, 0.0, 0.355414766206273, 0.9109484480221463, -0.6690998946697887, 0.3335985365295541, 0.49870490884715046, 0.053272435403698595, 0.3370923988102555, -0.10735839365013243, 0.0, -0.20614649602199406, 0.10201150863824526, 0.18049708906374484, 0.016399604638770875
0.5716139342026249, 0.0, -0.46417552287832253, 0.4977897356245094, 0.0, 0.0, -0.36339059503004095, -0.38498103218323965, 0.38864563694948506, 0.0, 0.42446894819039843, 0.7402852765465684, 0.0, -0.029395235780354426, 0.0, -0.6217700506714778, -0.00041989826538669085, 0.0, 0.0, 0.2977175843148644, 0.0, 0.2414536420787929, 0.3346847352579719, 0.17490112422876208, 0.0, 0.0, 0.0, 0.0, 0.0757848382787547, 0.6029130751783118, -1.1241702523236967, 0.35872070298396463, 0.0, 0.0, 0.0, -0.6491397902573404, -0.4485145927458026, 0.05266939565224535, 0.3100432800988344, -0.49109262733733455, 0.0, 0.0, 0.08122299030548782, 0.3145505184864056, 0.7237416148618838, 0.07392630600225714, 0.0, 0.3851684715202303, 0.9386322455697687, -0.7223839799045093, 0.34481269625617855, 0.50911181379592, 0.07020377523080734, 0.34890845488574507, -0.10991935519280956, 0.0, -0.20536849449107106, 0.1150617510441793, 0.17870635252725234, 0.020266838113403598
0.5946547902673697, 0.0, -0.498465178266861, 0.5215588921251623, 0.0, 0.0, -0.37947301242857023, -0.40670422070170814, 0.4150009901564758, 0.0, 0.4160037109796443, 0.7666293922974845, 0.0, -0.031777172948329345, 0.0, -0.6369157093241241, -0.002437029137807574, 0.0, 0.0, 0.31073455274518336, 0.0, 0.2568216946903409, 0.3380635535542468, 0.19121844186287704, 0.0, 0.0, 0.0, 0.0, 0.06701523920748156, 0.6596838400210283, -1.2127843407391548, 0.41410498027671927, 0.0, 0.0, 0.0, -0.6596713974618844, -0.4848879172460382, 0.07553575111326587, 0.324912892166586, -0.5258526795623735, 0.0, 0.0, 0.0978752322237566, 0.3044900359611087, 0.7365365390543822, 0.09621851179840646, 0.0, 0.4154245343722675, 0.9725010927662704, -0.7792678944952606, 0.3548628396333333, 0.5195123023459174, 0.0897125167238241, 0.36094060125235866, -0.11304593424375664, 0.0, -0.205711417948087, 0.12791192432399998, 0.17670278395225253, 0.026669889761031525
0.6165392786520774, 0.0, -0.5317356296167718, 0.5439288394845398, 0.0, 0.0, -0.39732190721346244, -0.42937156057487724, 0.4428309496544062, 0.0, 0.4094142263920293, 0.7933979289324271, 0.0, -0.03255421783358238, 0.0, -0.6514335651123674, -0.0077441509367678785, 0.0, 0.0, 0.3176880362805254, 0.0, 0.2746773386991927, 0.3468583263095952, 0.20857615108606054, 0.0, -0.014987049676403635, 0.0, 0.0, 0.06020377002225041, 0.7195012485414232, -1.305213966965191, 0.4689811151273991, 0.0, 0.0, 0.0, -0.6700468481855725, -0.5242794967456507, 0.09700118027771336, 0.3413414334569295, -0.5594724285954382, 0.0, 0.0, 0.11475547769829438, 0.29557272759863173, 0.7507089358209993, 0.11836648481901933, 0.0, 0.445529347840022, 1.007316383957682, -0.8381055226859951, 0.36393014443675453, 0.5265873813932824, 0.11222753688721686, 0.37371820620366875, -0.11787543623910061, 0.0, -0.20569010291567486, 0.14071717210595808, 0.17302806660797604, 0.031812533646655504
0.6381842261291375, 0.0, -0.5625336218004182, 0.5663371132454944, 0.0, 0.0, -0.4149389245617616, -0.45324706665348236, 0.4677475991927703, 0.0, 0.4094924942976373, 0.8157049051565107, 0.0, -0.031764316684882825, 0.0, -0.6632884730802424, -0.01500391963314554, 0.0, 0.0, 0.32356661892265665, 0.0, 0.29082880017246765, 0.3563225606385399, 0.2264903367670137, 0.0, -0.033138890542357316, 0.0, 0.0, 0.0597205975115773, 0.7633374854109622, -1.376696888776721, 0.5107002879771046, 0.0, 0.0, 0.0, -0.6840257956294752, -0.5518572985470437, 0.11532847793932328, 0.35517737858585763, -0.5846414887744752, 0.0, 0.0, 0.13025413977581093, 0.2911768211115519, 0.7664048738599083, 0.13605260850705791, 0.0, 0.47445706063138376, 1.030856544595566, -0.8885472215473887, 0.3748500251593536, 0.5311979936951388, 0.1318394053722215, 0.38575099580504796, -0.12248130979977923, 0.0, -0.2083510769049844, 0.1523109434793751, 0.1684680801563996, 0.03560627237933944
0.6591071823676714, 0.0, -0.5969627825600847, 0.5896783012787756, 0.0, 0.0, -0.4338349600811515, -0.4799074969834171, 0.4972650185349007, 0.0, 0.41027197745187305, 0.8385453477093681, 0.0, -0.03518274627834429, 0.0, -0.6751114737567845, -0.024370253147793845, 0.0, 0.0, 0.3309799449548908, 0.0, 0.30669948568420696, 0.36627595546012076, 0.24757635631102362, 0.0, -0.05512728159077992, 0.0, 0.0, 0.05967286372869113, 0.8102515510229842, -1.4565872168022196, 0.5579385934848275, 0.0, 0.0, 0.0, -0.7004678975166247, -0.5843102913297867, 0.13214920868955463, 0.3673974963690743, -0.6132757805059846, 0.0, 0.0, 0.1457868903316915, 0.2838644226821353, 0.788032181356227, 0.15495728603354986, 0.0, 0.50711925482596, 1.0605597260917456, -0.9433854495242293, 0.38404509188567887, 0.5360169588319172, 0.15529702213235774, 0.3986816544262916, -0.12623262669556423, 0.0, -0.20883175566203163, 0.16609183967948854, 0.1639539701742577, 0.04110909217588243
0.6798182372118787, 0.0, -0.6308444577917797, 0.6131903335502626, 0.0, 0.0, -0.45219330595682866, -0.5086571413613522, 0.5278089263008278, 0.0, 0.4113231612719674, 0.8639012882076416, 0.0, -0.03797366295150415, 0.0, -0.6872191315283002, -0.0362957349838702, 0.0, 0.0, 0.3389120146018311, 0.0, 0.3239214342499143, 0.3763236823107981, 0.2697531158295741, 0.0, -0.07799429969816947, 0.0, 0.0, 0.059169526133004254, 0.8619916115577172, -1.542413383620053, 0.6083311592335444, 0.0, 0.0, 0.0, -0.7140700505450011, -0.6183043270392508, 0.14920801685516744, 0.3805562173143585, -0.6433064857131446, 0.0, 0.0, 0.16222128627739105, 0.27317447600306144, 0.8097814942153249, 0.17170942146815132, 0.0033552239310282493, 0.5388446933392234, 1.0940164823883838, -1.00063115947607, 0.39334613179366706, 0.5393623194957546, 0.1801285971682593, 0.4116218807613805, -0.12972823470900527, 0.0, -0.2095641504474475, 0.18022910566787492, 0.15917314866474533, 0.04664204517621258
0.7015361488969131, 0.0, -0.6647629264713342, 0.6364926135068961, 0.0, 0.0, -0.4701729475992914, -0.5385084800042294, 0.5594258669761221, 0.0, 0.4115583863897939, 0.8910107483312548, 0.0, -0.041290899046175715, 0.0, -0.6990056768695163, -0.05116424233708725, 0.0, 0.008524097828055016, 0.34091725445925575, 0.0, 0.3411875435015229, 0.3855609010146916, 0.2923348770538605, 0.0, -0.10058587447412673, 0.0, 0.0, 0.05677386873148415, 0.9182395747822982, -1.6321502474437992, 0.6621913696368117, 0.0, -0.008331601215767677, 0.0, -0.722126992986876, -0.6551393830106441, 0.1658729401772922, 0.3953732085915301, -0.6725629949947823, 0.0, 0.0, 0.18008597490087674, 0.26045989658728996, 0.8329205349647134, 0.18604564057826478, 0.009605152299678576, 0.5669336987218299, 1.1294405848098914, -1.057747276855264, 0.4024296932270809, 0.5421086886111005, 0.20461164833725853, 0.42454246184631783, -0.1325183615017672, 0.0, -0.21026660965502592, 0.19378127025179426, 0.15380119251076688, 0.051358852883985
0.724495911088193, 0.0012188738167929463, -0.6991723519687223, 0.6593379459258264, 0.0, 0.0, -0.4876449843821628, -0.5695671894306176, 0.5924820155872252, 0.0, 0.4113281765019251, 0.919376524506995, 0.0, -0.0446514312359756, 0.0, -0.7112378105749813, -0.0696280020502418, 0.0, 0.02377198197330462, 0.33907764050458883, 0.0, 0.3597226738814753, 0.3935551929035901, 0.3145692257563718, 0.0, -0.12284884937359657, 0.0, 0.0, 0.05327397704175404, 0.9775542094030285, -1.7255406500862909, 0.7195229246291377, 0.0, -0.02176501307659945, 0.0, -0.7264133573937618, -0.6937993192022197, 0.18067117414956793, 0.4099315042974727, -0.7006972258696481, 0.0, 0.0, 0.19923299247421958, 0.24657238353054725, 0.8582843666656312, 0.19920912264816246, 0.016866547122134493, 0.5936465266025166, 1.1648273128238722, -1.1151877780258652, 0.4123469529926627, 0.5447055590683999, 0.22890943241068873, 0.4366409978075912, -0.13405849830731026, 0.0, -0.21067631044720428, 0.20649129114918252, 0.14838352642697017, 0.05543202722384881
0.7417030213338196, 0.0038426069448454004, -0.7290199999678559, 0.6770440991773867, 0.0, 0.0, -0.5039030334546177, -0.5954139842763735, 0.6224633318579493, 0.0, 0.4133627234044538, 0.9429415529853648, 0.0, -0.04868778087157625, 0.0, -0.7210078356710907, -0.08773827387486703, 0.0, 0.03993762761889953, 0.33718223971296735, 0.0, 0.3768254754859776, 0.40012324991403503, 0.3335293024720461, 0.0, -0.14211189092491858, 0.0, 0.0, 0.05270677777025694, 1.0266034574399616, -1.804127789547508, 0.7694596687559437, 0.0, -0.034805433630944266, 0.0, -0.7295515854315938, -0.7247474353069947, 0.1934480037937034, 0.42230951134581884, -0.7248074657473925, 0.0, 0.0, 0.2174594258741325, 0.23331036715068945, 0.8807202518073559, 0.2102236895323509, 0.0237374452993176, 0.6149923778729292, 1.1927310187365388, -1.1641676443474966, 0.42310987174508546, 0.5462130101102317, 0.24974337252829973, 0.44665768437122244, -0.1354994301940467, -2.819846855204183e-05, -0.2112172323568037, 0.2177545613662409, 0.14537193338922155, 0.05902746774641754
0.7685766695397303, 0.008164138229556797, -0.765922565806003, 0.7018371265438472, -0.004219894368831038, 0.0, -0.5213087788246507, -0.6303056650635473, 0.6563776086599475, 0.0, 0.4139217779591049, 0.9766779839303892, 0.0, -0.05055277648134225, 0.0, -0.7333696357507025, -0.11222307239024272, 0.0, 0.06209639307703283, 0.3318388390541312, 0.0, 0.40141417473269536, 0.4085929453259279, 0.35681938040621797, 0.0, -0.16558598508257508, 0.0, 0.0, 0.049627966158103845, 1.0909047295632777, -1.9079308586459873, 0.8345335797567988, 0.0, -0.049014619585681374, 0.0, -0.7389797590799457, -0.76603364663567, 0.20823882677481673, 0.4368861341103184, -0.7536113665137885, 0.0, 0.0, 0.24072044120599648, 0.2190659803198379, 0.9116645493161791, 0.22254142122310638, 0.03277484027449137, 0.6481105129533052, 1.2273132150393344, -1.2273289003182861, 0.43281079844788384, 0.550023170516313, 0.2777621369185483, 0.45786551556144534, -0.1342202381427366, -0.011789904714289753, -0.20847957270795428, 0.2307310881448986, 0.14123243377542516, 0.06350141654938649
0.7841121732463289, 0.010505907212514995, -0.7899077909773431, 0.7273189280410811, -0.02023718359087952, 0.0, -0.535293349649271, -0.6574469633465952, 0.6867603762344804, 0.0, 0.4140252241813916, 1.005067132639617, 0.0, -0.05373133532464989, 0.0, -0.739650533738928, -0.13366722353552352, 0.0, 0.08246368931674167, 0.3271508590096635, 0.0, 0.42462002158797385, 0.41461970113829205, 0.3760642805717286, 0.0, -0.18261987489944845, 0.0, 0.0, 0.04889052701236543, 1.1434688711542245, -1.9936410899521482, 0.8890984547208661, 0.0, -0.05928024592092584, 0.0, -0.7462119111323775, -0.7974591120503045, 0.22224262533580325, 0.45195645223034947, -0.7791753126662607, 0.0, 0.0, 0.2611635843587615, 0.20631802023360593, 0.9360238934241485, 0.23224820867605017, 0.04142111790644082, 0.6747010091106731, 1.2534078411988798, -1.279497195407335, 0.44242769810098925, 0.5518233220318023, 0.30248869464106026, 0.46589362633204245, -0.13292916335121746, -0.025623513449183805, -0.20752521775974356, 0.24125871422783068, 0.14203218597839481, 0.06721319129238022
0.8086778363147309, 0.013567877294498909, -0.821746346088926, 0.766086582969395, -0.04267502274312695, 0.0, -0.5519318361170605, -0.692912109153668, 0.72310383317718, 0.0, 0.4115798583142804, 1.041683717992558, 0.0, -0.056975591919066836, 0.0, -0.7464566073067078, -0.1612918794902513, 0.0, 0.10797839094455311, 0.3188816176455282, 0.0, 0.4564861592197263, 0.4223057467263066, 0.39954849046799357, 0.0, -0.20322455613633447, 0.0, 0.0, 0.04556651194106001, 1.2091690731267672, -2.1035646165206487, 0.9588074324519973, 0.0, -0.07055492664691504, 0.0, -0.76342349115847, -0.8390279221739655, 0.23764647351964627, 0.4723612167410922, -0.8103373966839421, 0.0, 0.0, 0.287398116854129, 0.19396876244839295, 0.968497052258655, 0.244501085922817, 0.05324836428922479, 0.7136718437114976, 1.285344248712967, -1.34601158119232, 0.4514008811154958, 0.556491919708083, 0.33400683461231195, 0.47538562846756344, -0.1282108674957373, -0.04424324425303866, -0.20540097733129306, 0.2519029565462493, 0.13974124466737273, 0.07190856094241523
0.8215175262174949, 0.024096745261438898, -0.849937673046982, 0.7960188339549508, -0.060690182590735074, 0.0, -0.5652386199957398, -0.722231088247302, 0.756331442566697, 0.0, 0.41101166524681926, 1.071229612529807, 0.0, -0.06274410029351693, 0.0, -0.7528199420067098, -0.18411739034470426, 0.008257038616776931, 0.12331349656754878, 0.313174653320711, 0.0, 0.4821589541867519, 0.42998463365329626, 0.4187862706544099, 0.0, -0.21951359619669877, 0.0, 0.0, 0.04582698164927159, 1.2619788686562683, -2.194024401791437, 1.014828661222647, 0.0, -0.07688456075241328, 0.0, -0.7761165255252205, -0.8706784608799306, 0.2507709851436951, 0.4902096263408641, -0.837424351429037, 0.0, 0.0, 0.309015480229586, 0.18324774230279683, 0.9921497831612051, 0.254342000435535, 0.06398262098519202, 0.7445189512370666, 1.31039772384851, -1.4006333924436445, 0.4600759085715799, 0.5592340626800109, 0.36050991276542094, 0.4816154595074235, -0.1254471249519859, -0.0600196472119369, -0.20362083261670802, 0.2631053691659099, 0.1395344415404581, 0.07639092091252724
0.8364480432568482, 0.03600846578521361, -0.8819767427835131, 0.8280585053879417, -0.0798587933131248, 0.0, -0.5790817409941112, -0.7531691794464994, 0.7891174951590547, 0.0, 0.41119106609917044, 1.1011491266788507, 0.0, -0.06772690349031747, 0.0, -0.7603685974367205, -0.2097374546462508, 0.024161596909541123, 0.13544637063880474, 0.30890682909857103, 0.0, 0.507756781203192, 0.439194114363543, 0.4387120649146153, 0.0, -0.2383808782187413, 0.004869930381113426, 0.0, 0.04440410887803916, 1.3167158596527235, -2.286741793047999, 1.072336064943448, 0.0, -0.08212185284059388, 0.0, -0.7957877976311784, -0.9041614022964161, 0.26583451124815805, 0.5105166430641264, -0.8655517730270033, 0.0, 0.0, 0.3320521201062408, 0.17418560662396704, 1.0174770875931363, 0.26575885866552434, 0.07578954443268698, 0.7772206756710391, 1.335226046550945, -1.4574786275798777, 0.4681315063754083, 0.5638385504683917, 0.3875194282965045, 0.4880546335330631, -0.12246727596451033, -0.07694327315553749, -0.20113334155902998, 0.27482256898966717, 0.13904655417718262, 0.0814962045056076
0.8522231397991071, 0.04850129599503004, -0.9159839993674926, 0.8609565822450711, -0.09964260124450482, 0.0, -0.592650310273121, -0.7846345818628208, 0.8217951815274684, 0.0, 0.4127396488790397, 1.131156236106339, -0.0006142631453443588, -0.07323865543295734, 0.0, -0.7687761768914252, -0.2379312440686635, 0.0461490967202526, 0.14433193432286817, 0.3060654652505746, 0.0, 0.5341743184076199, 0.4488040921795467, 0.4588557926349182, 0.0, -0.2615787942010049, 0.018141621687226654, 0.0, 0.03973544195650139, 1.3732715531343525, -2.3828307847891868, 1.1313751384417814, 0.0, -0.08372197904208378, 0.0, -0.8187365301841033, -0.9392554855041625, 0.28145851764655777, 0.5314296093177041, -0.895661974731552, 0.0, 0.0, 0.3550651733568962, 0.16685945039413846, 1.0424303441311096, 0.27927289529987864, 0.08816950113575572, 0.8114424464405018, 1.3606858004979492, -1.5160215277691231, 0.47681593890906865, 0.5689085537650498, 0.4156322189947863, 0.494074559249579, -0.11819721601575217, -0.09367811632138125, -0.19844213030652424, 0.28681428751707716, 0.1386521030478912, 0.08690983763103112
0.8674542306709393, 0.06173345126813025, -0.9498901789104599, 0.893631735950898, -0.11929120283484854, 0.0, -0.6058360442619272, -0.8162756070874153, 0.8539286207782357, 0.0, 0.4176235376388023, 1.1644992645331207, -0.013436813186895373, -0.07307240896205865, 0.0, -0.7790452860738686, -0.2677659285367136, 0.0739606947268341, 0.1498633819323489, 0.3038446337058279, 0.0, 0.562289504415804, 0.45806712009479383, 0.47916704364127816, 0.0, -0.28990622619956236, 0.03660431801529942, 0.0, 0.0338356450960791, 1.4315967213392562, -2.4810973771585303, 1.191423272987771, 0.0, -0.08236692675572625, 0.0, -0.8433037977038762, -0.9750178278806104, 0.29808438164545187, 0.5527577647930275, -0.9278669219167602, 0.0, 0.0, 0.37901578066843145, 0.15990547357374893, 1.0648047297071168, 0.29525890594675935, 0.10056486349066732, 0.8449710391069517, 1.3871180275530655, -1.574746857708892, 0.4858990305481587, 0.5730819062589096, 0.4439637527551451, 0.49946552809645034, -0.11342207810709268, -0.10923817339940595, -0.19697892458532607, 0.2986788166668523, 0.13874968851662817, 0.09205121280253833
0.8816160755593702, 0.07457161941206059, -0.983793320215698, 0.9251868491302042, -0.13858202215925314, 0.0, -0.6183748545508493, -0.8486339250819513, 0.8849622729178789, 0.0, 0.42515117140420516, 1.2025839056878667, -0.033774479468160534, -0.06947296593780962, 0.0, -0.7909824712728138, -0.30027776229907016, 0.10659134262431634, 0.15287677666656818, 0.3021583922457883, 0.0, 0.5926864425447413, 0.4664531644230275, 0.5000622599391955, 0.0, -0.3223551241749809, 0.058586651194684106, 0.0, 0.027610752829598437, 1.4913478807721061, -2.581583711459595, 1.2518097745073031, 0.0, -0.07942374019412778, 0.0, -0.8694608713105393, -1.0111275867055365, 0.3159458825066915, 0.5744117685572349, -0.961783862447092, 0.0, 0.0, 0.40378201851393825, 0.15385478969985206, 1.0848227367857983, 0.31325975753928664, 0.11302829566799713, 0.8777674200705395, 1.4148059671914783, -1.6335095181862667, 0.4967888339996096, 0.5767518582200741, 0.47195433178372553, 0.5045455697800127, -0.10863304332459843, -0.12413578883958788, -0.1960996253302874, 0.3107214728189003, 0.13972260739124762, 0.09651459089879774
0.891380538454921, 0.08561754672849622, -1.0106177581141733, 0.9491308537735351, -0.1538102931879315, 0.0, -0.6278733670753274, -0.8740356470535288, 0.909180347803866, 0.0, 0.4328263292077133, 1.234348342579204, -0.054110876433274425, -0.06530183456918094, 0.0, -0.8005038347905818, -0.3264117045082447, 0.1347596483462603, 0.1538689965214214, 0.3013188507443849, 0.0, 0.6173776810469147, 0.47228731679711705, 0.5166595005490806, 0.0, -0.34911332560422353, 0.07805120062412438, 0.0, 0.023612643121574406, 1.5372795137191668, -2.6592804296032595, 1.2986860177281254, 0.0, -0.07635482041502957, 0.0, -0.8906744256917505, -1.0384116000169787, 0.3313889597894893, 0.5910735938984569, -0.9889881393057133, 0.0, 0.0, 0.42410510345761293, 0.14955799321518495, 1.098578375322473, 0.32799718234358294, 0.1226505103068097, 0.9019382668869693, 1.4363607745551228, -1.6797624916754494, 0.5073628010450981, 0.5796408480496074, 0.4933221897975708, 0.508682299293954, -0.10549404576410303, -0.13568249219495201, -0.19596387388344758, 0.32118145469405734, 0.1413689859276, 0.09967307480255454
0.9078671381554233, 0.09675295171752829, -1.0467263824866258, 0.9812274303347148, -0.1738505125030363, 0.0, -0.6403589894954436, -0.9084873180875671, 0.9388538131958578, 0.0, 0.4430135460981724, 1.2810646300957667, -0.08416579815168705, -0.057078104124771406, 0.0, -0.8143676390132323, -0.3645778673461482, 0.17595233807108068, 0.1537792018780601, 0.3014020532450871, 0.0, 0.6533909659507654, 0.4790808925490473, 0.5396736370644001, 0.0, -0.3877702873451316, 0.10514041327124524, 0.0, 0.017628483920168983, 1.6001153567809174, -2.7656262554251865, 1.3620649308541302, 0.0, -0.07172599323102742, 0.0, -0.924317438549594, -1.0765505808208078, 0.3532475676048297, 0.6136559596502988, -1.0257302378025448, 0.0, 0.0, 0.45159151921299723, 0.1462747467790504, 1.1185275520885307, 0.3504476491550663, 0.1352903388014394, 0.9355752071130224, 1.4666687885555583, -1.742331715693192, 0.5208183638052837, 0.5848880669707568, 0.521545818497715, 0.5135939554703381, -0.10081341712556122, -0.15184532711426277, -0.19578837039491973, 0.333932835593649, 0.1431950205085223, 0.10359718971563597
0.9214567287460543, 0.10551216986884619, -1.0742260162394128, 1.0056410483056162, -0.18890704561514787, 0.0, -0.649732137762174, -0.9349235585281183, 0.9621808057555332, 0.0, 0.4515507684253127, 1.3186336036737878, -0.109490977466468, -0.05109071653583341, 0.0, -0.8253549766803039, -0.39486495597438687, 0.2090332191266115, 0.15242451270306603, 0.3012382051853114, 0.0, 0.6824690320970588, 0.4832039583281159, 0.5572814556711299, 0.0, -0.4178748544766133, 0.1273511743636997, 0.0, 0.013850196260952033, 1.6482379675187904, -2.8481674655784057, 1.410858243382247, 0.0, -0.06659126054779745, 0.0, -0.9496114885984971, -1.1052965957628238, 0.3701904781737214, 0.6296859253779399, -1.0548150243579557, 0.0, 0.0, 0.47269724330104784, 0.1444908108780626, 1.1316769913467641, 0.36721054026113253, 0.14464056396711408, 0.9611392099681251, 1.4912003285841617, -1.791916297078072, 0.5333431099593136, 0.589016204256972, 0.5434559303400376, 0.5175235672307543, -0.09666430580383208, -0.163710485279455, -0.1959101895707274, 0.34432218051961166, 0.14456159542233027, 0.10631772700044867
0.9385442576427891, 0.11617431190118946, -1.111187765383867, 1.0359940289322773, -0.20837424426883064, 0.0013494084943119974, -0.6627503613028569, -0.9691713143153432, 0.9911358446716111, 0.0, 0.4622302805843215, 1.3721421760971293, -0.1447687818778251, -0.04140470959631434, 0.0, -0.8405299180338659, -0.43886351831408066, 0.2552107632379974, 0.14976388281488315, 0.3025536088293808, 0.0, 0.7236771027972523, 0.48776629425935675, 0.581409909143325, 0.0, -0.4604410694341359, 0.15752429854805727, 0.0, 0.008003406932188286, 1.7145578973668574, -2.9604308008539175, 1.4757646174024757, 0.0006826260464876756, -0.060208188415847755, 0.0, -0.9860712175841613, -1.144685494498777, 0.3939266186268405, 0.6513928831352916, -1.095008141188507, 0.003429782410720996, 0.0, 0.4988570269226688, 0.14369900818580897, 1.1495316474195423, 0.3915556799402082, 0.15645132576314613, 0.994801133268051, 1.5261623989542765, -1.8577320235559427, 0.5496920117283057, 0.5937625992747874, 0.5724274317801502, 0.521933660510963, -0.09137972027697099, -0.17975426377307488, -0.19598672805393352, 0.3578430365018616, 0.14609970167872663, 0.1099555540353138
0.9558864879719071, 0.12121348072777495, -1.1399547200468316, 1.0582366092483806, -0.224374431003345, 0.010555752814894423, -0.6777230727260962, -0.9945915043665731, 1.01245557023912, 0.0, 0.4716337798740377, 1.4136666176488342, -0.1716546063007503, -0.033471809843791174, 0.0, -0.8525377673392511, -0.4741103627891425, 0.29105099737366585, 0.14705548779281033, 0.30286861781216157, 0.0, 0.7554175069091359, 0.4901733680911949, 0.5999274796861085, 0.0, -0.49369055417652763, 0.18122267815359733, 0.0, 0.004049026868485624, 1.7657386504353172, -3.047569254203612, 1.5242221832836191, 0.002759086374392818, -0.057566679948521195, 0.004032842702374703, -1.014457844379682, -1.1739780427083486, 0.41258200910109694, 0.6662979169935257, -1.1274966298943798, 0.008007180060008261, 0.0, 0.5178945534344657, 0.14428852334130488, 1.1608570766538304, 0.4096487758881696, 0.16608035881276936, 1.0199998839275193, 1.554639277726523, -1.909809245192264, 0.5638347051133025, 0.5968895446985677, 0.5948194818446977, 0.5265465955499384, -0.08634564582954792, -0.19192848908598478, -0.1961365893350709, 0.36787871226460217, 0.1460292815841487, 0.11234568039530846
0.9739596469299342, 0.1283125969749997, -1.180579802075486, 1.0855892686983684, -0.24747710773898135, 0.026117818374638422, -0.6997106741096136, -1.0260152611250428, 1.0393395368372653, 0.0, 0.484274613688884, 1.4706018789474724, -0.2082197563815422, -0.02092164053820161, 0.0, -0.8686651777826605, -0.5248778297570719, 0.33972438002052296, 0.14359481172513278, 0.30506782789860004, 0.0, 0.7985538038064396, 0.49331969896112227, 0.6261971995197084, -0.0002095983336046312, -0.5400380430587555, 0.2120507378680344, 0.0, 0.0, 1.8342857645965833, -3.164388716743773, 1.5885486817009897, 0.0071474314095424495, -0.05820998995853184, 0.01661557720055732, -1.0578109822454864, -1.2130025750501787, 0.43959423307203843, 0.6867575604220586, -1.1733206804632745, 0.013719290674840696, 0.0, 0.5425397993375286, 0.1456144790412927, 1.1751191373453396, 0.4365350397166332, 0.17829869885537483, 1.0523085333159687, 1.5964332621142947, -1.979030386795605, 0.5815933335405133, 0.6002253579697535, 0.6249681798915921, 0.5320112233600766, -0.08102668361699408, -0.2085161320260984, -0.19536343508444237, 0.3806746359992582, 0.14826541424113127, 0.11611917325720572
0.9944706827078378, 0.13292922701600307, -1.219484144512061, 1.111250120467188, -0.2688084596863936, 0.04338367845821499, -0.7236554108159686, -1.0559544585323848, 1.0642444312642625, 0.0, 0.498145252985818, 1.5290962123180656, -0.24509235914861058, -0.007347646947415951, 0.0, -0.8829021500934323, -0.5775535034876175, 0.3883452512831455, 0.1394762864450248, 0.30665796039596244, 0.0, 0.8426702070384139, 0.4962012375204871, 0.6532650823911063, -0.0042576493737177925, -0.5829989343439371, 0.2398728730105526, -0.0005401540567827506, 0.0, 1.9009221865399573, -3.280269392906005, 1.6515836281661909, 0.013180200291992732, -0.06265290712101201, 0.035424530744768715, -1.103094818092602, -1.2508878835550332, 0.4669512695299849, 0.7066662302556405, -1.21874882742385, 0.020289169860502613, -0.0021411983392862544, 0.5670225591077018, 0.14669324294038846, 1.1866005172902987, 0.4629585814658263, 0.19039599352033781, 1.0834659239247133, 1.6413263207454913, -2.0497225173033975, 0.598711953483497, 0.6035801621765791, 0.6547356785585179, 0.537513035749175, -0.07611483856708356, -0.2254030582211331, -0.19489700980744443, 0.39159833868160965, 0.15027080031348072, 0.11999483987150096
1.0159212954911883, 0.13751850842959176, -1.2578471887329856, 1.1355433299282611, -0.2901944560762943, 0.062031351639006985, -0.7487519661154103, -1.0851085022786902, 1.0878016625699074, 0.0, 0.511837069515379, 1.589576877006897, -0.2806858776959444, 0.0, 0.0, -0.8943963258875032, -0.632889093844969, 0.4367854581096692, 0.13514444302434148, 0.30758182487703467, -0.0038175825613741307, 0.8883671738349506, 0.49930288022292524, 0.6821984223637454, -0.011534297170897248, -0.6212342840131769, 0.26704281336027136, -0.011206690607275986, 0.0, 1.9712874670324045, -3.3966948852153367, 1.7133549266730836, 0.020181540692160844, -0.07363078092862746, 0.05881050354219284, -1.151425406903272, -1.2866750162168468, 0.49427629607193185, 0.7267197038932902, -1.2631856363130998, 0.028885374312482375, -0.015739525706484778, 0.598004230391224, 0.145500703723713, 1.197093524257144, 0.48880557535151964, 0.20338308357765728, 1.114518880570727, 1.6885188035146226, -2.122924351189923, 0.6151452303776516, 0.6078550645930074, 0.6843264172537622, 0.5435226603986258, -0.06975990665607593, -0.2427714116573324, -0.19311242911864707, 0.4010851642754856, 0.15148695734105888, 0.12391143569547539
1.0402197966675693, 0.14187988485462427, -1.297477225911032, 1.1614658296512523, -0.31228967021562126, 0.082527887338996, -0.7734541776450836, -1.1150529646392064, 1.1110237260282558, 0.0, 0.5214424955388895, 1.6501615754468615, -0.306631278780639, 0.0, 0.0, -0.9016528766867354, -0.691491996966214, 0.4853174567552697, 0.1315961900751827, 0.3098052328640435, -0.017148084924470664, 0.9382386736512971, 0.5016428723301529, 0.7115313271270144, -0.02294175182928711, -0.6544944073412787, 0.29881653121387824, -0.028087880646405494, 0.0, 2.045244450848737, -3.517118038685169, 1.7740478110933229, 0.03137514572117645, -0.08950333523124665, 0.08694178072126017, -1.2033386376292634, -1.3206970246112302, 0.5207779303011986, 0.7464830935023725, -1.3064012939908778, 0.03980286386481254, -0.036007973702811745, 0.6324261977016035, 0.14272330382681642, 1.206015956204635, 0.5120356812641942, 0.21862756036553838, 1.1437500240641953, 1.7392436044883155, -2.1985691868309893, 0.6312891587203702, 0.612086436436227, 0.7136215819461336, 0.5491659868890069, -0.06187649032162874, -0.25979242564480315, -0.1895500435363558, 0.41079171938403286, 0.15177695495206991, 0.12710314046682442
1.0685605460686896, 0.1458503565689076, -1.3395243271331896, 1.1873417689370889, -0.33455758871923275, 0.10414921573711858, -0.7983563989880814, -1.1432530139890558, 1.1331774798017005, 0.0013315027206986802, 0.5261683853655795, 1.709599858881823, -0.32850798719211527, 0.0, 0.0, -0.9074231985003071, -0.7512842487809227, 0.5336921625564807, 0.12933289006706955, 0.31457189305489064, -0.037781588095240806, 0.9913165063023048, 0.5030492631764997, 0.7424486940440731, -0.038158064264802, -0.6867002848855407, 0.3346675724912452, -0.04936038704295857, 0.0003405173177276863, 2.1222334183398512, -3.639017600815988, 1.8335539417780882, 0.04446934537768055, -0.10953757908798978, 0.12056424562903642, -1.2574275757137998, -1.3520670284693634, 0.5465994452882011, 0.7655513911328752, -1.349295949155152, 0.05328927443766768, -0.06036911670581014, 0.6687708777542107, 0.13909512352868633, 1.213226986393822, 0.5340749123336439, 0.2362272038019876, 1.169867314989051, 1.7912877432826657, -2.2761729624874123, 0.6460452508357136, 0.6173666507764339, 0.7425964204884575, 0.5539034417986577, -0.05436552809110337, -0.2765831734653878, -0.18479354784283686, 0.420056884461957, 0.15068455597000693, 0.13019658046672472
1.0984482204580253, 0.14967641436793033, -1.3834456660200878, 1.2136263910698348, -0.3569369783854798, 0.12640371435360545, -0.8245286044722127, -1.1694000522182109, 1.154087293022286, 0.005552452528663148, 0.5272537614907283, 1.7691350709201128, -0.3492912444896267, 0.0, 0.002861781236239335, -0.9154397141910704, -0.8107513741860773, 0.5813206279188853, 0.12778226072406593, 0.3220152816736223, -0.06359837874079634, 1.0466190035826706, 0.5026540612738063, 0.7757157346443125, -0.05527761118789581, -0.7184643277503133, 0.37314528848368345, -0.07441547635410915, 0.003631513837952115, 2.19875314325976, -3.7609373403928537, 1.8918175761028408, 0.05945881259996011, -0.1338430119389791, 0.15843156322557783, -1.3136558959391724, -1.381513823108919, 0.5719889163225287, 0.7844667794584494, -1.3923499440754237, 0.06911601421617194, -0.08702711615318261, 0.7070416097281907, 0.13506672568984968, 1.2191590316342689, 0.555605685687863, 0.2552052396186168, 1.1942495712529182, 1.8439299630553725, -2.354799601429869, 0.6599819872851637, 0.6234351350748956, 0.7711121124712649, 0.5587243479439691, -0.04693155848594107, -0.29340854654458015, -0.17947527511941538, 0.42926446266124174, 0.14865357324713163, 0.1331974459964651
1.129411466743272, 0.15335356337822273, -1.4287594385274467, 1.2401417310338834, -0.37983573447057395, 0.14972713840239305, -0.852325833887199, -1.1941435821563147, 1.17321366715968, 0.013868750537833471, 0.5251777264136382, 1.8298697330630327, -0.37054825715014245, 0.0, 0.009095379996073722, -0.927302038115788, -0.8688739415146052, 0.6278986060800548, 0.12655417536192193, 0.3324831117182603, -0.09310949272432771, 1.1035379101331861, 0.5002704890378369, 0.8114082756619482, -0.0733941814117778, -0.7501662435187019, 0.41340613077315397, -0.10268810401364437, 0.00888771602983288, 2.275306751832752, -3.882429724762347, 1.9488252166521052, 0.07653226069220959, -0.16235491188249496, 0.1995407186109341, -1.371826061481384, -1.4099211227829667, 0.5970587181069125, 0.8034760829473823, -1.4360488007506584, 0.08672521384269265, -0.11516162200234191, 0.7472286486641155, 0.13102209430271536, 1.2244482848203766, 0.5771249347900671, 0.27453603633495505, 1.2177256223622062, 1.8969153163769745, -2.434270466029284, 0.6734254097680331, 0.6304130986525832, 0.7992241025705205, 0.5638368363903953, -0.03940194017565922, -0.31057531547016426, -0.17398696768236926, 0.4386504802229957, 0.1460704513548336, 0.13616704208524094
1.1611967941374488, 0.15693200627682413, -1.4753357123125934, 1.267041014775103, -0.403223665584911, 0.1744184585054659, -0.8817393826525044, -1.2178538922435234, 1.1901838992019191, 0.02516519447963979, 0.521264092443766, 1.8919949836726775, -0.3926130952628393, 0.0, 0.017516252664029175, -0.9422240477886366, -0.9251501885650419, 0.6732080661538032, 0.12523227267141043, 0.346179590152434, -0.12523267067354837, 1.1617500138354695, 0.4957523239891176, 0.8490346306467328, -0.0919685803970769, -0.7819742001004188, 0.4551470235698324, -0.13330431765856515, 0.01542697145801002, 2.352044255124139, -4.003582585737407, 2.004738004739737, 0.09598239325395112, -0.195038079405844, 0.24325449765864848, -1.4314875376984169, -1.437824536523443, 0.62194570548985, 0.8225765940134409, -1.4805309949380037, 0.10583701344727794, -0.14477449235550635, 0.7888580124365798, 0.1271877547574368, 1.2296353805049307, 0.5990970612367469, 0.2936207522674225, 1.2407066569891727, 1.950294735208599, -2.514503644503084, 0.686684660855077, 0.6382479455144556, 0.8269369471014386, 0.5692061611986605, -0.031798490611539686, -0.3282599882938103, -0.16846862314196853, 0.44845897549673974, 0.14312598838249566, 0.1392085001874988
1.1939229865924124, 0.16032046502224212, -1.5229927291836265, 1.2940951591607024, -0.42700411924667686, 0.2003843649074665, -0.9122895886735907, -1.240702232781288, 1.2049165866230098, 0.03853817735702322, 0.5161011839864191, 1.9556135482951587, -0.41514536084380915, 0.0, 0.02698629776728342, -0.9594460489135921, -0.9794718008963149, 0.7171194135651544, 0.1235524687118145, 0.36301263762392216, -0.15923068582038014, 1.2211995740294268, 0.48927365258084793, 0.8882306650423099, -0.11069873651388909, -0.8139596309305094, 0.49809149678737524, -0.16555600549582086, 0.02296466149214956, 2.4291320129601823, -4.1245719341712705, 2.0595245843437686, 0.11813516429333712, -0.23165874589089971, 0.28897763451239034, -1.492293494027528, -1.4654425911684597, 0.6467730841636301, 0.8417324630636729, -1.5257241121024683, 0.1263057334954853, -0.17575195424101178, 0.8316249956500953, 0.12355976158887055, 1.2348675119792474, 0.6217891035975696, 0.3122522588598613, 1.2633694889886158, 2.004164751249279, -2.595614378372353, 0.7000446445826216, 0.6469128341147012, 0.8542850531779375, 0.5747022010837918, -0.024133440267367075, -0.3463664432922622, -0.16296492580156136, 0.45892237121092, 0.13977754057161393, 0.14233335491223803
1.227747582460794, 0.16346857345260088, -1.5715230806524065, 1.3210584213560437, -0.4510069929181661, 0.22734073773585095, -0.943639103844677, -1.2627364669240442, 1.217563282183767, 0.053372975875128015, 0.509879784782794, 2.020766623534611, -0.43788006243192695, 0.0, 0.03685551193431759, -0.97843382000246, -1.0318331427244396, 0.7595885425381148, 0.12141129956806776, 0.3826945669613517, -0.19469576186636514, 1.2818974901251485, 0.48105978179296993, 0.9286828092108197, -0.12940118283625493, -0.8460888270744852, 0.5420133027334237, -0.19898151431562883, 0.031234876409340088, 2.50667136903267, -4.245489169665738, 2.1130749576808117, 0.14306537769700226, -0.27186818086876735, 0.33623514680812744, -1.553998747919835, -1.4928758823185284, 0.6716406526043777, 0.860876131346322, -1.571539162414203, 0.14803715881824286, -0.20807730700685062, 0.875355281340237, 0.12013414978774575, 1.2401872801678169, 0.6452781209206255, 0.33040482590191, 1.2858137636032145, 2.0586258608584185, -2.677709516835486, 0.7135781981208453, 0.6564765709177295, 0.8812813291720127, 0.5802951470189439, -0.01643711432365091, -0.3648256628024677, -0.1575089661326923, 0.47019177703054743, 0.13596456616383829, 0.1455340950737513
1.2720167534410352, 0.15433485969472172, -1.6088663172450959, 1.344701709436339, -0.46894350808202695, 0.25024053812989877, -0.9696334984174456, -1.2805643828700533, 1.2227932374297779, 0.06429198591021729, 0.5053062129782927, 2.072096108162444, -0.45400274796070056, 0.0, 0.043427921529484326, -0.9928674437570079, -1.070014125840209, 0.7917126851865186, 0.1202515353933597, 0.39596575907897325, -0.22270985540963234, 1.3296842242950122, 0.4734211805969139, 0.9588073713764704, -0.1443851837791993, -0.8696045951508038, 0.5766960361338846, -0.22484387061880293, 0.03895451201522453, 2.5664309468507196, -4.337214075129112, 2.151597558434, 0.16293395307581596, -0.3056721740416193, 0.37179799666935154, -1.6016636545503458, -1.514141019969607, 0.6917816478795036, 0.8745059110580451, -1.6060808185631752, 0.16601623766295598, -0.23509104578896967, 0.9107342866405932, 0.11994323470185783, 1.2452022321022531, 0.6615752530300584, 0.3436138170635442, 1.3049623482572286, 2.100866548401243, -2.743580771142405, 0.7240538899547087, 0.6690107956902184, 0.9011876689156055, 0.5865254448770402, -0.008646435325895593, -0.37850183328489134, -0.15402528276996166, 0.47809575055238496, 0.12874529186265996, 0.1466449833921624
1.298848476309255, 0.16465112815063743, -1.6625755740652337, 1.3705746122664342, -0.49616124853497123, 0.27883270745073274, -1.0013328176585414, -1.3001100684115694, 1.2338182090845509, 0.08248656972769343, 0.49554644373937456, 2.140882686995599, -0.4779503207986799, 0.0, 0.052498851743500635, -1.015485999643937, -1.1212574284838766, 0.8323713678405416, 0.11922736238824996, 0.42119379390170963, -0.2604212924046943, 1.3941680303372932, 0.46331633699441693, 1.0027070870690387, -0.16393195893309329, -0.9017154394103098, 0.6227035564564165, -0.2614100239660175, 0.04707237035504062, 2.644482515092873, -4.4595322832432585, 2.2051996997346506, 0.19455206393736604, -0.3520986341583467, 0.4204543377199953, -1.666977289678264, -1.5420195899826825, 0.7178335010249833, 0.8933301435306694, -1.6538402990247405, 0.19044170597120005, -0.27179072658600306, 0.9572206064491683, 0.11564719691414375, 1.2535559322658374, 0.6894037106769001, 0.3599874433473083, 1.3262892143538958, 2.156897383896041, -2.8289898384046515, 0.7393695088384279, 0.6782321151435518, 0.9288108733612654, 0.5909935483853729, -0.0017653037789007453, -0.39710443781829374, -0.14678746976137097, 0.4921948575946907, 0.12614433260232574, 0.15073237004229295
1.3350262755749185, 0.14756088511958437, -1.6743587687780852, 1.3791801880821106, -0.5016692275371538, 0.28505031175791, -1.0135821049016356, -1.3065538726809607, 1.2349566593048371, 0.0867873536274767, 0.4956142551631515, 2.1615713576129623, -0.48310053685393256, 0.0, 0.05364857680885275, -1.0205709412173143, -1.1326159079978546, 0.8433144655207943, 0.11886402661808843, 0.4243279955045428, -0.27135459677079926, 1.412467575239195, 0.4611558501106126, 1.0127774420274376, -0.1689659517609211, -0.9085142913155356, 0.6364167535644808, -0.27013415305137267, 0.05074535508201088, 2.6642918793785437, -4.49130703510981, 2.217376245029374, 0.20176866065718624, -0.3650313613099273, 0.43245523053844326, -1.683874698190914, -1.5488595416200985, 0.7254329188253246, 0.8973912749410925, -1.665930802717803, 0.19828010010678795, -0.28195494272679833, 0.9691154529905031, 0.11628436793438146, 1.255468335783109, 0.6945539592011558, 0.36438132294772807, 1.333667461737209, 2.1713012920441788, -2.854556242849916, 0.7430781225827062, 0.6875610549402044, 0.9349095522398471, 0.5932617480330065, 0.0, -0.4019358088038117, -0.14678678796011685, 0.4958753587594521, 0.12195683946645763, 0.15015517634231926
1.35511853914957, 0.16733397919500234, -1.7359628601743957, 1.4094734201782613, -0.5316861391419048, 0.3183940104885427, -1.0468781335707065, -1.3263752918236005, 1.2423528358140223, 0.10594464828875727, 0.48505601702009704, 2.2331789084605482, -0.5078580065774688, 0.0, 0.06645871239502342, -1.0469014009696906, -1.1832917163305015, 0.885385616082672, 0.11882788560117168, 0.4525968767971358, -0.31273375847249996, 1.480435957914523, 0.4498150804235313, 1.059452327814578, -0.19186625155618037, -0.9411861389878875, 0.6840696448748164, -0.3089951922021893, 0.06236100668972667, 2.744647413506111, -4.617707760490215, 2.2710563499250225, 0.23826228613502193, -0.4161492441146616, 0.4836310873472115, -1.7550225384527147, -1.5793166781184151, 0.7558319265087583, 0.9172852267653482, -1.7169751392610755, 0.22650835759284715, -0.3237928163076647, 1.0206189134448278, 0.11072206883894087, 1.267120970269812, 0.7267796844973138, 0.38096390805520924, 1.3562441222612127, 2.229357231911773, -2.9454581056439966, 0.7588270139332222, 0.6972850530804496, 0.963412178704394, 0.6019351699609208, 0.0, -0.41909667694875563, -0.13853807323849304, 0.5151584411501465, 0.11810795731548535, 0.1537012257237805
1.3922759801745104, 0.17627025079433561, -1.7924815575616555, 1.4370777845881362, -0.5565006353055243, 0.3475338838365896, -1.0832284365518872, -1.3469265944622506, 1.2499077709775197, 0.12585342162504817, 0.4772686251752903, 2.309056814838812, -0.5319364677061209, 0.0, 0.07844378479788285, -1.0740700349968195, -1.2300465856910237, 0.9253584567311038, 0.11571706663722064, 0.48243459212913997, -0.35691707318000127, 1.5479100545855973, 0.43904946643592724, 1.1062365360682638, -0.2124348588420289, -0.9746447880252949, 0.7323193744979541, -0.3454625208498217, 0.0761716955144384, 2.825021674567629, -4.7447015165876545, 2.3207142618464482, 0.2762431365939888, -0.46654623517022753, 0.5365485122382088, -1.8243171299753511, -1.609804844435753, 0.7844157792027604, 0.9367185677997759, -1.7685664326045878, 0.25531807346211155, -0.36424503076561, 1.070951241042588, 0.10391324141632714, 1.2747737251888365, 0.759674617035669, 0.39872706342066055, 1.3797485178151292, 2.2877316779274173, -3.0384226961413514, 0.7731294109457595, 0.7099273710084194, 0.9909556723932423, 0.6110872206706982, 0.0, -0.43892779865024123, -0.1333392666850162, 0.5356407357584712, 0.11435222563650549, 0.15631716913742708
1.4347129608560492, 0.15505821247556725, -1.8052398172007011, 1.4464720166434597, -0.5623425458178528, 0.35452591974138775, -1.0961210377882262, -1.353627311974417, 1.2490696806231472, 0.13027443111415352, 0.4778295515782233, 2.331346655554985, -0.5374711165106278, 0.0, 0.07907227944760056, -1.0798665340711229, -1.2406250820143008, 0.9364663160828945, 0.11535456238270017, 0.48648331264466194, -0.36902849983470176, 1.5668635587958022, 0.43693777804637307, 1.117050842813529, -0.21823542239277982, -0.9819429996689912, 0.7461821315665231, -0.35485554480719533, 0.08025931875628264, 2.846007779681863, -4.776872466347889, 2.331617334907773, 0.28420093199688945, -0.4814905769085444, 0.5490717669897122, -1.841752647374898, -1.6173016078007973, 0.7928556489356161, 0.9406025408165137, -1.7813987458885538, 0.264139558320178, -0.3758821960654144, 1.0842333316294503, 0.10437070346685623, 1.2765453628836845, 0.7652482477907061, 0.40262355722518484, 1.3885205528948568, 2.303109410515068, -3.0659511906810897, 0.7764005904465451, 0.7216312839829989, 0.996570397947485, 0.6144563059910825, 0.0, -0.4433482935263737, -0.1331732279748618, 0.5406503155549975, 0.10880660605702608, 0.15519017629839668
1.4583050905954462, 0.17675568581222162, -1.8727441515487824, 1.4772512518992507, -0.5929085858651144, 0.39068455184907686, -1.1298903645213678, -1.372565714884529, 1.253123254246207, 0.15156325271136675, 0.4659936682883844, 2.408421868037857, -0.5623836180622361, 0.0, 0.08917122506994216, -1.109555982595989, -1.2906537180962931, 0.9776051625285327, 0.11511703718684885, 0.519524476702551, -0.4136594929932201, 1.636612516931431, 0.42395554896627335, 1.1677065697359126, -0.2406559933650459, -1.014406486290256, 0.7940013848277176, -0.39644002428386327, 0.09227908805395775, 2.9298047379477037, -4.905239133141137, 2.3815939998010545, 0.3255616104807983, -0.5392577824277643, 0.602269867128311, -1.914558040536816, -1.649623233567946, 0.8253642225877544, 0.9595160211593086, -1.8351286349167, 0.29561059468589923, -0.4224944485299169, 1.14052316208072, 0.09711523137264853, 1.2884957553649494, 0.8003888178164784, 0.41739740319073493, 1.4140546491917616, 2.364841982121496, -3.1622283457757345, 0.7923939926839216, 0.7336620159504335, 1.0240685242631513, 0.6256988999108148, 0.0010719162470767538, -0.46095588990391956, -0.12541963337285955, 0.5629030055853328, 0.10354247629973981, 0.15829328552609484
1.5035850638432742, 0.15504352026650997, -1.8861079627161388, 1.485536429745757, -0.5982891094748831, 0.39737156078345615, -1.1440717505915323, -1.3795675973224475, 1.252408934683055, 0.15661841875685084, 0.46627328632077397, 2.4324174375544088, -0.5678098214093459, 0.0, 0.08965720299261556, -1.1160956314842911, -1.3015951602705542, 0.9884902200334322, 0.11483797175870228, 0.52363621407369, -0.4268161808191176, 1.6563763006491041, 0.421734408118458, 1.1790330565106928, -0.24621308899840455, -1.0210624681712808, 0.8087594030134815, -0.40597841317602024, 0.09688872401601636, 2.9509217825413137, -4.9382436766194315, 2.3925488384732216, 0.33490976449692084, -0.5549112650452089, 0.6146781045147571, -1.9332030830955238, -1.6576491078328304, 0.8342316822576159, 0.96337321857623, -1.8483926835475022, 0.30529703713314776, -0.4348766843496052, 1.154072208471401, 0.09732344553731698, 1.2910281083724364, 0.8067715142982038, 0.4208056703126094, 1.4225787439472204, 2.380894461775472, -3.1914115940076155, 0.7956842921088294, 0.7464047999536884, 1.0298409415045031, 0.6291409944796875, 0.004896292533969049, -0.46726142240590407, -0.12597526124241085, 0.5675161884196753, 0.0987359299902168, 0.15747790390214458
1.5267221980401073, 0.17962497275744713, -1.9537864447062727, 1.5167900041206075, -0.6289809229128814, 0.43590371759141716, -1.1801376755863437, -1.3997975137382184, 1.2579748163295539, 0.17972221363294671, 0.44852670755585716, 2.5127762879616675, -0.5939447011431025, 0.0, 0.10079601438435323, -1.145996477608947, -1.3514307395589515, 1.0296911585305795, 0.11547858072382335, 0.5594964907971691, -0.47284846320014123, 1.7288906649263103, 0.4063245897283128, 1.2294146110241846, -0.2677583754295722, -1.0525193052162662, 0.8589523975709824, -0.448273997711649, 0.10972204353156821, 3.0368367429655763, -5.068568805363232, 2.4438213565887024, 0.3805602492273493, -0.6161708349814184, 0.6703604273059992, -2.0072298105412356, -1.6915424558510967, 0.8672285848606307, 0.9813648432896288, -1.9036442514375258, 0.3391125293088346, -0.4858696656423648, 1.2132956759468048, 0.09013278402957815, 1.3032158491276846, 0.8433321392341375, 0.4371314474022007, 1.446377530389351, 2.4432322824651473, -3.2905385631620665, 0.8127740284452492, 0.7589041068777639, 1.0576089161693865, 0.637940899430429, 0.009932605275822735, -0.4872659226160008, -0.11791675583130588, 0.5897189637788378, 0.09403012201128857, 0.16144095020087676
1.5748114288518018, 0.1561886621182825, -1.9670413325042388, 1.5248238259086986, -0.6343748399518223, 0.44276208171485687, -1.1946315496943256, -1.406950557523266, 1.2567404561308748, 0.18506213731657598, 0.4479672659560951, 2.5380600703508467, -0.6000233704075868, 0.0, 0.10060633948773565, -1.1526562188962546, -1.3623520788669918, 1.0405188365375442, 0.11537269731550522, 0.5638749504376973, -0.48638648761396974, 1.7493566485377836, 0.404016269067343, 1.2407786446044773, -0.2734161866659191, -1.0592010373378458, 0.8742146147399821, -0.45807405488752634, 0.11434846813371723, 3.0585022042898498, -5.1020202029691, 2.454689127355731, 0.3906615631439972, -0.6329285994864386, 0.6832039951193545, -2.0259970312195676, -1.6998666625065677, 0.8764062623483588, 0.9852410028982687, -1.917156732423225, 0.349277604088368, -0.4992100838863532, 1.2276439043911975, 0.09054155698756469, 1.3054146435438545, 0.8495871894001382, 0.4408425279739553, 1.4549837521034459, 2.4593765882934084, -3.3207103178098216, 0.8163132401695621, 0.7727245124553463, 1.0636284061395698, 0.6411137724504964, 0.014813174264297697, -0.4936430322254069, -0.11849291890959245, 0.5941409620559278, 0.08889601714978851, 0.16050756984410372
1.5982320624468451, 0.18271003486517684, -2.035739258660358, 1.5554684781004477, -0.6653182081873267, 0.4815741562179511, -1.230270383041801, -1.4263572453153375, 1.2623053192190763, 0.2098951516316604, 0.4257051610731604, 2.622857148481442, -0.6268966919605193, 0.0, 0.11048806388773356, -1.1826751726368552, -1.4122624469123364, 1.0808496604380406, 0.116362781682557, 0.601439907269948, -0.53326221069765, 1.8241905018234656, 0.3875178033102423, 1.2912364519419406, -0.2945780679432454, -1.090044316991305, 0.9258872835740672, -0.50137048140678, 0.12703654765572048, 3.1456081606785156, -5.23485584956813, 2.505941567921114, 0.43995799499267696, -0.6984814756898953, 0.739878916835033, -2.099921545736935, -1.734627638833561, 0.9098193525344331, 1.0028242118747557, -1.973321485819561, 0.3845238800794785, -0.5531847168179722, 1.2893510298529431, 0.08394123482634275, 1.317299965793757, 0.8866745831741645, 0.4586402980764019, 1.4788018745072786, 2.5220437806077083, -3.4223975559798028, 0.8346716994838129, 0.7857529882192518, 1.0909353029878255, 0.6492018240076715, 0.020967923848771806, -0.5137834947541667, -0.1104066770427006, 0.6171382282168798, 0.08421071817763746, 0.163938255769184
1.6495470564237718, 0.15737759190540154, -2.0487363585592067, 1.563214552611576, -0.6703311135868323, 0.48838489527649015, -1.2450660224090517, -1.4337169493494073, 1.2606859518092728, 0.21541800866194852, 0.4242938759319474, 2.6493534677902244, -0.6332307033834533, 0.0, 0.10999070976528262, -1.1891822906611935, -1.4230593991140605, 1.0915240690706447, 0.11641640430585244, 0.6057499311765187, -0.5473014192799549, 1.8452737994430601, 0.38526467008079873, 1.3025045489080596, -0.30025386596271836, -1.0965349605096504, 0.9416281091914305, -0.5112240781112338, 0.13183457759065684, 3.167832534024751, -5.268922475459503, 2.51667180784133, 0.45098386210859287, -0.7161369374102905, 0.7526146046947029, -2.118809860061642, -1.7432554215634697, 0.9192238392246824, 1.0066100905919175, -1.9870632436502766, 0.39498730708322266, -0.5673493796769605, 1.3040478468249892, 0.08470173121099078, 1.3195058479465995, 0.8926897391545829, 0.4623810675269557, 1.4875293765371014, 2.538554515786244, -3.453449302860141, 0.8381430271570117, 0.8008927805327593, 1.0967915921907168, 0.6524815402652371, 0.02622424691250569, -0.5201418262088556, -0.11103860823353635, 0.6218288826994168, 0.07882924710115369, 0.16277705505572287
1.7283984263569259, 0.12368280568139386, -2.083313474251238, 1.5904534021603882, -0.6826707281321766, 0.5148280686831764, -1.2682920866936307, -1.4486924277119528, 1.2518098198033898, 0.22490484562767518, 0.41320742849700076, 2.697232896300282, -0.642795712437472, 0.0, 0.11208253266752774, -1.199843775682819, -1.4489264971384859, 1.1148297855890625, 0.1199000916686354, 0.6143323003612926, -0.5724094615830532, 1.8886585355177314, 0.37672438058928454, 1.3256646725201457, -0.3120305649564098, -1.1084710443224894, 0.9710402974936486, -0.5336301858457855, 0.14115685546513237, 3.218290962103573, -5.337703535815195, 2.5396095499971767, 0.47473583899253036, -0.7534988949585295, 0.7779748564737746, -2.1574478856984913, -1.7627963602629715, 0.9403707077434971, 1.0124434487227034, -2.013787777235343, 0.4151751161410911, -0.6008366694322255, 1.339785483760324, 0.08951068872675871, 1.3304589492893013, 0.9039482429709599, 0.4698776604804638, 1.507455470105699, 2.5739275850810217, -3.514772746835165, 0.843114010166666, 0.8265750779753979, 1.1076361660544505, 0.6622595900639743, 0.037388226954429164, -0.5282351654214129, -0.10866553837692901, 0.6304048944567927, 0.06292908555547998, 0.1598547647167962
1.763124370510677, 0.11121989602711188, -2.1033873822353475, 1.6019247388664024, -0.6922814753219038, 0.5279435454987216, -1.279167732087282, -1.4550269733114212, 1.2469252730162206, 0.2305530351528823, 0.40629134104235753, 2.7221453742350183, -0.6474025676414956, 0.0, 0.11219176011188235, -1.2052070444080059, -1.463198120583541, 1.1263867969009902, 0.12280259990705039, 0.6191574448401254, -0.5847621477838759, 1.9109696152021722, 0.3729317539708061, 1.3374588179628517, -0.32006620404127384, -1.114716460467713, 0.9864227864706279, -0.5462262381453588, 0.1437169026019881, 3.2426315331046958, -5.372375879433858, 2.5518657176862645, 0.4865713891027663, -0.7742952949319669, 0.7897964501357132, -2.176736595939704, -1.7729038127168952, 0.9513619661558474, 1.0145950097723793, -2.02736134109046, 0.42591360841515313, -0.6184039141361645, 1.35804154985136, 0.09125763378380347, 1.3372411548643122, 0.9107891669257823, 0.4726765519543633, 1.5180095585991167, 2.591720403923027, -3.545895942143807, 0.8480395973255859, 0.8392877294674566, 1.1134866945493913, 0.6660931064226271, 0.041919251427219084, -0.5321366325999101, -0.10594481745376645, 0.635042596769372, 0.05576247695936028, 0.15853481702059066
1.796142315798714, 0.10092398894852478, -2.124310232844824, 1.612933301232203, -0.7024999396220685, 0.5413663693584994, -1.29025800978149, -1.4609503983025918, 1.2427972657642705, 0.2366905860581292, 0.3986433156491874, 2.747966487702691, -0.6527815807997549, 0.0, 0.1114329096871567, -1.2112069591301384, -1.4781168701342848, 1.1378515666651967, 0.12602320137317763, 0.6239588316834884, -0.597488559660135, 1.933925874123727, 0.3694950654471208, 1.350009509546738, -0.32802649141683615, -1.1207586855918852, 1.0024072519335816, -0.5589491857126623, 0.14625623625603454, 3.2668140067685747, -5.407789283585643, 2.5649416107926766, 0.4995480677676794, -0.7952789677027172, 0.8011973773830671, -2.197144034896745, -1.783336393733106, 0.9627882616430617, 1.0168678509060307, -2.04151836373953, 0.4365917751360365, -0.6364971124873878, 1.376600656919372, 0.09270148091082629, 1.344679053457176, 0.9181769363620236, 0.4745432429612604, 1.5281702424411874, 2.609681989954678, -3.5779771575931134, 0.853467949929892, 0.8513806632962593, 1.1199758412619414, 0.6702505150734082, 0.0466922638987271, -0.5355769430236752, -0.10311985876945932, 0.6403879502710272, 0.04935782213367838, 0.15750620394863696
1.8598181812093713, 0.08514676891866894, -2.1673146838042894, 1.633950627345613, -0.7216542655779741, 0.5670231437141505, -1.3133876265829931, -1.472320929415482, 1.2368530690946524, 0.250862381104375, 0.38145839337188664, 2.8026895449240663, -0.6638439094827723, 0.0, 0.10943156885914437, -1.2230233768548429, -1.508829781634405, 1.1606434051613204, 0.13338466222165737, 0.6328393078818952, -0.6239018712744575, 1.9814978782452097, 0.3626035981640008, 1.3755349858755692, -0.3426840919083352, -1.1318419986070138, 1.0355635259668385, -0.5840243961639885, 0.1521523721946801, 3.314941421001551, -5.480516609327487, 2.5925282855848546, 0.5284747976644142, -0.8359265345806364, 0.8228969879777277, -2.2397476412658452, -1.8050099200671657, 0.9859005153595841, 1.0211535310489466, -2.0703357267916025, 0.45834925714572794, -0.6732952073386786, 1.413212176944126, 0.09475774498493311, 1.361482686228271, 0.9354359917994343, 0.47804082966203165, 1.546460431669115, 2.645728082417707, -3.6438978834899953, 0.8633953156019145, 0.8736886288259528, 1.1328725684581027, 0.6772215807362744, 0.055389967658441765, -0.5425563824393564, -0.0976186289131791, 0.6535359981173967, 0.03832861725015879, 0.15580361377971536
1.8909784816269852, 0.07924101398439815, -2.189295968667916, 1.6444708348914048, -0.7308894506086705, 0.5790530726093631, -1.3254758945313672, -1.4780974039889556, 1.23439202634455, 0.25866116818192403, 0.3719132460182315, 2.8310538945391426, -0.6693183849799241, 0.0, 0.10868129364949666, -1.228490885838121, -1.5243743183744762, 1.1722287253717014, 0.13767908920536306, 0.6370021773456043, -0.6376624127687097, 2.0057348695598796, 0.3590647274688865, 1.3879025356900685, -0.3501680290118189, -1.1372638299935491, 1.0525749994901985, -0.5964826972611174, 0.1553273658145253, 3.338916612927348, -5.517704780538729, 2.60665555450004, 0.5436771784688956, -0.8557907932645956, 0.8336880736530664, -2.261240904190457, -1.816156170442568, 0.9976445067020366, 1.0230182396573246, -2.0850369966882925, 0.4695642106355404, -0.6921792871547011, 1.431286783758874, 0.09537767763004554, 1.3702374940956255, 0.9451583217455072, 0.48026851524888364, 1.554937585231275, 2.6637282761478422, -3.6772699708991174, 0.8688564226754194, 0.8846385157977701, 1.1395432553545068, 0.6802117774564637, 0.05889513946994517, -0.5467021876803064, -0.09525643325070521, 0.6612365282499492, 0.033380967242089096, 0.1549957870057271
1.9213946817151413, 0.0743674073914615, -2.2114621548640274, 1.6550380100897717, -0.7403381404025459, 0.5910773244240483, -1.3377943804646972, -1.483975898169223, 1.2320513727906475, 0.26674963912349436, 0.36191651250032025, 2.860102293894204, -0.6751936292753729, 0.0, 0.10804122215734749, -1.2339962365280677, -1.5400196226882075, 1.184117968415029, 0.1424175329702318, 0.64118576039439, -0.6517573571651565, 2.0302279138369888, 0.35559003707323983, 1.4003337171289483, -0.35783628210504925, -1.1427849914079702, 1.069900476968354, -0.6089370062564226, 0.1587292592659275, 3.363060893627508, -5.555546712150345, 2.620908062549305, 0.5593131210528055, -0.8755349521841692, 0.8447559482315755, -2.2830370833876805, -1.8274841549940084, 1.009745878185745, 1.0249339274420142, -2.1000806960532654, 0.48087309839413506, -0.7114831231481997, 1.4496374849850127, 0.09568321530406206, 1.3789874375150721, 0.9553276039575079, 0.48282456401282475, 1.5631816672380514, 2.6815027406565095, -3.711043673546885, 0.8745743514908805, 0.8953659318198737, 1.1466578973121275, 0.6833657078697626, 0.062239426914677716, -0.550967490481436, -0.09308404804190568, 0.6694207256302847, 0.028675920864255133, 0.15425742905295847
1.951183062270462, 0.07021624116992294, -2.2337786993883175, 1.6657285977697096, -0.7499649607978656, 0.6031809387876718, -1.350193437398068, -1.4898250290829327, 1.2298265352227402, 0.27507822605825943, 0.3514493545246705, 2.8897794029230366, -0.6815696282628658, 0.0, 0.10725682094857211, -1.239602661503389, -1.5557770570131852, 1.1962405581155908, 0.1474859983559775, 0.645396290653393, -0.6661186760184766, 2.0549511537174596, 0.3521824729375908, 1.4128391806180385, -0.36559409381887525, -1.148377109043877, 1.0874879566387816, -0.6214045600121857, 0.16232832541647207, 3.387430756941347, -5.593985193609304, 2.635175680551624, 0.5753028563789575, -0.8952604311127903, 0.8560534608884509, -2.3050665787282285, -1.8389747009191237, 1.0221305691234035, 1.026928540644366, -2.115375899565953, 0.4922278558444605, -0.7311407264762235, 1.468299426432187, 0.09567565716825344, 1.387707595196576, 0.9658932488807017, 0.48574325725592954, 1.5713311576841504, 2.6990574674596104, -3.745241455466979, 0.8804745090557162, 0.9058423855105575, 1.1539531157738177, 0.6865928434350337, 0.06555150796270004, -0.5552800743334532, -0.09097803944017378, 0.6779925331975928, 0.02411482481997382, 0.15354342167129262
1.9805904247747388, 0.06660017776608013, -2.2562285431741094, 1.6765403318111634, -0.7596888531953802, 0.6152634165319426, -1.3626190104818956, -1.4956017310795569, 1.2277519755547366, 0.28366867391325645, 0.34057963908325883, 2.920158930879454, -0.6883668218195557, 0.0, 0.10625812634605172, -1.2452835959823703, -1.5716219972484147, 1.2085682676425145, 0.1528211118238136, 0.6496108635236578, -0.6807089316208007, 2.079940509006844, 0.34889011742686477, 1.4254341043356336, -0.37338725912836596, -1.1540272446782314, 1.1053022306836258, -0.6339061037174247, 0.1661140229310081, 3.4120347796788755, -5.632934541923892, 2.64946161857501, 0.5915986695713152, -0.9150283970745754, 0.8675435521942347, -2.3272272203011783, -1.8505965035719718, 1.0347357538863524, 1.0289618840255337, -2.130836288190815, 0.503650148906125, -0.7510771707641839, 1.4872325890591567, 0.09534476619553256, 1.3963476815863705, 0.9768401249414964, 0.4890539414498271, 1.579475945823014, 2.7164276606241677, -3.7798364066082595, 0.8865245121402309, 0.9161391537549873, 1.1613420280349227, 0.6898116342295743, 0.06881407617878714, -0.5596588130994058, -0.08893442169735856, 0.6869139826420207, 0.019682351655102265, 0.15278722012524082
2.0098018511075297, 0.06337924295620552, -2.2788179362243888, 1.687432284847158, -0.7694661684751576, 0.6271902630735333, -1.375048094770614, -1.5013260255783825, 1.2257859817429084, 0.2925181164645549, 0.32934565028522245, 2.9512486168809864, -0.6954712716771159, 0.0, 0.10507629327542387, -1.251019161077006, -1.5875707749806194, 1.2210732945019382, 0.1583998263907044, 0.6538236387850935, -0.6955046376481347, 2.1051592856361605, 0.34572217655854515, 1.4381157886714162, -0.3812264046711426, -1.1597340260099585, 1.1232931196170572, -0.6464773588522484, 0.17005811273242546, 3.436852299240849, -5.672359536987914, 2.663751331173058, 0.6081601697484633, -0.9348897538584491, 0.879191615979559, -2.349446721543745, -1.8623454219488729, 1.0475227005394312, 1.0310131094873518, -2.146406215555233, 0.5151486935358738, -0.7712355428913289, 1.5064160217940255, 0.0947153707386129, 1.404876775823146, 0.988128124187387, 0.4927289503635358, 1.5876987388957553, 2.7336688911074427, -3.814785237980359, 0.8927063691171914, 0.926325626134715, 1.1688081615765096, 0.6930150526195267, 0.07199468904625916, -0.5641137811255166, -0.08697237887679604, 0.6961522704790848, 0.015369016426266638, 0.15194901135612018